REGIAO:;S
UF:;SC
ESTACAO:;NOVO HORIZONTE
CODIGO (WMO):;A816
LATITUDE:;-26,40638888
LONGITUDE:;-52,85027777
ALTITUDE:;943,57
DATA DE FUNDACAO:;20/09/08
Data;Hora UTC;PRECIPITAÇÃO TOTAL, HORÁRIO (mm);PRESSAO ATMOSFERICA AO NIVEL DA ESTACAO, HORARIA (mB);PRESSÃO ATMOSFERICA MAX.NA HORA ANT. (AUT) (mB);PRESSÃO ATMOSFERICA MIN. NA HORA ANT. (AUT) (mB);RADIACAO GLOBAL (Kj/m²);TEMPERATURA DO AR - BULBO SECO, HORARIA (°C);TEMPERATURA DO PONTO DE ORVALHO (°C);TEMPERATURA MÁXIMA NA HORA ANT. (AUT) (°C);TEMPERATURA MÍNIMA NA HORA ANT. (AUT) (°C);TEMPERATURA ORVALHO MAX. NA HORA ANT. (AUT) (°C);TEMPERATURA ORVALHO MIN. NA HORA ANT. (AUT) (°C);UMIDADE REL. MAX. NA HORA ANT. (AUT) (%);UMIDADE REL. MIN. NA HORA ANT. (AUT) (%);UMIDADE RELATIVA DO AR, HORARIA (%);VENTO, DIREÇÃO HORARIA (gr) (° (gr));VENTO, RAJADA MAXIMA (m/s);VENTO, VELOCIDADE HORARIA (m/s);
2024/01/01;0000 UTC;0;907,2;907,2;906,5;;20,9;14,9;21,4;20,7;15,5;14,8;72;68;69;142;2,4;1,2;
2024/01/01;0100 UTC;0;908;908;907,2;;20,2;15,2;20,9;20,2;15,4;14,9;73;69;73;140;3;1,2;
2024/01/01;0200 UTC;0;908,2;908,3;907,9;;19,9;15,8;20,3;19,7;15,9;15,2;78;73;77;120;4,5;1,7;
2024/01/01;0300 UTC;0;908;908,3;907,9;;19,5;16;20,1;19,5;16;15,6;80;76;80;79;4,6;2,1;
2024/01/01;0400 UTC;0;907,5;908;907,5;;19,8;15,5;20,1;19,5;16,1;15,4;80;76;76;77;3,8;,6;
2024/01/01;0500 UTC;0;906,9;907,5;906,9;;19,8;14,9;19,9;18,9;15,6;14,8;81;73;73;45;6,3;2,9;
2024/01/01;0600 UTC;0;906,6;906,9;906,5;;19,6;15;19,9;19,6;15,1;14,8;75;73;75;36;6,9;2,6;
2024/01/01;0700 UTC;0;905,8;906,6;905,8;;18,7;15,1;19,7;18,7;15,1;15;80;75;80;26;6,8;2,8;
2024/01/01;0800 UTC;0;905,9;906;905,8;;17,9;15,2;18,8;17,9;15,3;15,1;85;79;85;33;7,5;2,5;
2024/01/01;0900 UTC;0;906,5;906,5;905,8;10,5;17,7;15,4;18;17,4;15,5;15,2;87;84;86;43;6,9;2,8;
2024/01/01;1000 UTC;0;907,3;907,3;906,5;340,1;18,5;15,5;18,6;17,7;15,6;15,3;87;82;83;23;5,7;1,4;
2024/01/01;1100 UTC;0;907,5;907,5;907,1;1116,1;19,6;15,6;19,7;18,3;16,1;15,4;84;78;78;53;7,9;2,5;
2024/01/01;1200 UTC;0;908;908,1;907,5;2045,1;22,2;17;22,2;19,5;17;15,5;79;69;72;64;7,2;1,9;
2024/01/01;1300 UTC;0;908;908,2;907,9;2778,1;23;16,8;24;21,7;17,9;15,9;73;64;68;45;5,1;2,2;
2024/01/01;1400 UTC;0;908;908,1;908;3355,9;25,4;18;25,4;23,1;18,2;16,3;70;59;64;54;5,5;1,3;
2024/01/01;1500 UTC;0;907,7;908,1;907,7;3412,7;25,4;18;26,4;24,2;19,2;15,6;67;57;64;359;4,8;1,6;
2024/01/01;1600 UTC;0;907,2;907,7;907,2;3314,9;25,7;17,1;26,8;24,8;18,4;15;63;51;59;309;6,7;3,3;
2024/01/01;1700 UTC;0;906,5;907,2;906,5;2849,1;26,1;15,4;27,8;24,8;18,6;14,9;60;49;52;349;6,7;1,6;
2024/01/01;1800 UTC;0;906;906,5;906;3296,7;27,4;16,2;27,7;25,8;18,1;14,6;59;45;50;297;5,8;2,3;
2024/01/01;1900 UTC;0;905,1;906;905,1;2835,8;28,4;15;28,8;26,3;17,6;14,6;55;44;44;278;4,9;,6;
2024/01/01;2000 UTC;0;904,3;905,1;904,3;2287,7;27,7;14,7;28,5;27,4;16,5;14;50;43;45;137;2,9;,9;
2024/01/01;2100 UTC;0;904;904,4;903,9;1441,6;27;15,1;28,1;27;16,2;14,3;50;43;48;87;2,2;1;
2024/01/01;2200 UTC;0;904,5;904,6;904;566,9;25,4;16,2;28,4;25,4;16,9;15,3;57;48;57;165;2,1;,5;
2024/01/01;2300 UTC;0;905,3;905,3;904,5;24,6;23,7;15,8;25,7;23,6;16,4;15,8;62;56;61;133;1,6;,7;
2024/01/02;0000 UTC;0;905,8;905,9;905,2;;22,8;16,1;23,9;22,5;16,4;15,7;68;61;66;118;2,1;1,1;
2024/01/02;0100 UTC;0;906;906,2;905,8;;22,2;15,6;22,9;21,8;16,1;15,1;67;62;66;25;2,1;,4;
2024/01/02;0200 UTC;0;906,1;906,2;906;;21,7;15,7;22,2;21,5;16,1;15,6;70;66;69;89;2,6;1,5;
2024/01/02;0300 UTC;0;905,8;906,1;905,8;;22,5;15,6;22,5;21,3;15,8;15,3;69;65;65;37;2,6;1,6;
2024/01/02;0400 UTC;0;905,3;905,8;905,3;;22;15,7;22,5;21,9;15,9;15,5;68;65;67;25;6,8;2,2;
2024/01/02;0500 UTC;0;904,5;905,3;904,5;;21,8;15,2;22,1;21,7;15,7;15,2;67;66;66;25;6,8;2,6;
2024/01/02;0600 UTC;0;904,3;904,5;904,2;;21,4;15;21,8;21,3;15,3;15;67;66;67;20;7,1;2,6;
2024/01/02;0700 UTC;0;904,4;904,4;904,2;;20,3;15,2;21,4;20,3;15,2;14,9;72;67;72;19;7,8;3;
2024/01/02;0800 UTC;0;904,8;904,9;904,4;;19,9;15,1;20,4;19,7;15,2;15,1;75;72;74;25;6,7;2,4;
2024/01/02;0900 UTC;0;905,1;905,1;904,8;5,4;19,3;15,5;19,9;19,2;15,5;15,1;79;74;79;14;5,9;2,7;
2024/01/02;1000 UTC;0;905,5;905,6;905;270,6;19,4;15,8;19,7;19,1;15,8;15,5;80;78;80;18;6,1;2,2;
2024/01/02;1100 UTC;0;905,8;905,9;905,5;956,1;21,9;16,4;21,9;19,4;16,7;15,8;80;71;71;48;4,8;1,9;
2024/01/02;1200 UTC;0;906,1;906,1;905,8;1078,2;20,8;16,5;22,6;20,8;17;16,1;77;68;77;352;5,3;3,1;
2024/01/02;1300 UTC;0;906,3;906,4;906,1;942,8;22,3;17,2;22,3;20,8;17,6;16,6;78;73;73;352;5,1;1,8;
2024/01/02;1400 UTC;0;906;906,3;906;2330,9;24,2;18,1;24,3;22,2;18,5;17;75;67;69;343;5,7;2,8;
2024/01/02;1500 UTC;0;906,2;906,3;906;1379,6;21;18,2;24,7;21;18,8;16,8;84;65;84;239;7,8;2,2;
2024/01/02;1600 UTC;,2;906;906,2;905,8;1085,5;20,7;18,7;22,1;20,6;20;18,2;91;84;89;172;4,6;1,5;
2024/01/02;1700 UTC;,4;905,6;906;905,2;646;20,2;18,8;20,8;20,1;19,5;18,5;93;89;92;298;3,5;,7;
2024/01/02;1800 UTC;1,4;905,4;906;905,3;451,7;19;18;20,2;18,2;18,9;16,5;94;85;94;212;4;2,7;
2024/01/02;1900 UTC;,2;904,6;905,4;904,6;1262,1;22,7;18,7;22,7;19;18,8;17,4;94;78;78;271;4;1;
2024/01/02;2000 UTC;0;904,3;904,6;904,2;1582,2;23,1;19,5;23,8;22,6;19,8;17,9;83;71;80;161;2,5;,4;
2024/01/02;2100 UTC;0;903,6;904,3;903,5;999,1;22,4;19,3;23,5;22,3;20,5;19;83;78;83;98;2;0;
2024/01/02;2200 UTC;0;904,1;904,1;903,5;331,6;20,7;18,7;22,7;20,5;19,8;18,3;88;81;88;358;1,3;0;
2024/01/02;2300 UTC;0;904,6;904,8;904;10,8;20,1;18,6;20,9;20,1;18,7;18,5;91;87;91;113;1,3;,1;
2024/01/03;0000 UTC;0;905;905,1;904,6;;19,3;17,7;20,1;19,3;18,7;17,7;93;88;90;116;1,7;,8;
2024/01/03;0100 UTC;0;905,4;905,4;905;;19;18,4;19,3;18,8;18,4;17,7;96;90;96;43;2,1;0;
2024/01/03;0200 UTC;0;905,5;905,6;905,3;;19,2;18,6;19,4;18,8;18,9;18,2;97;96;96;46;3,1;1,3;
2024/01/03;0300 UTC;0;905,2;905,5;905,2;;19,2;17,4;19,4;18,5;18,7;17,4;96;89;89;19;3;2;
2024/01/03;0400 UTC;0;904,7;905,2;904,7;;18,8;17,2;19,3;18,8;17,6;17,2;91;89;91;17;4,8;2,7;
2024/01/03;0500 UTC;0;904,2;904,7;904,2;;18,3;16,9;18,8;18,2;17,3;16,9;93;91;92;17;5,1;3;
2024/01/03;0600 UTC;0;903,9;904,2;903,8;;17,6;16,5;18,3;17,6;16,9;16,5;93;92;93;26;4,8;2,3;
2024/01/03;0700 UTC;0;903,6;904;903,6;;17,7;16,2;18;17,5;16,6;16,1;94;90;91;9;5,3;3,5;
2024/01/03;0800 UTC;0;903,8;903,8;903,5;;17,7;16,2;17,7;17,4;16,3;16,1;92;91;91;12;5,7;3,5;
2024/01/03;0900 UTC;0;904,3;904,3;903,8;7,6;18,2;15,9;18,3;17,7;16,3;15,9;91;86;87;15;6,1;3,5;
2024/01/03;1000 UTC;0;905,1;905,1;904,3;403,4;19,1;16,3;19,2;18,2;16,5;15,9;87;84;84;11;6,2;2,8;
2024/01/03;1100 UTC;,2;905,5;905,5;905;1234,5;20,7;17,1;20,7;19,1;17,4;16,3;85;80;80;360;6,1;3,5;
2024/01/03;1200 UTC;0;905,9;905,9;905,5;2078;22,8;19;22,8;20,7;19;17;81;77;79;356;6,3;2,9;
2024/01/03;1300 UTC;0;906,4;906,5;905,8;2798;23,6;17,5;23,9;22,4;19,2;17,2;79;67;69;330;5,3;2,4;
2024/01/03;1400 UTC;0;906,6;906,6;906,4;3450,9;25;17,9;25,8;23,6;19,7;17,1;73;64;65;293;5,8;2,4;
2024/01/03;1500 UTC;0;906,4;906,6;906,4;2994,7;25,2;18,1;26,5;24,5;19,5;17,1;69;58;65;248;5,8;1,2;
2024/01/03;1600 UTC;0;906;906,4;905,9;2293,1;23,3;19,1;27,1;23,2;19,3;17,2;78;58;78;226;6,6;2,7;
2024/01/03;1700 UTC;1,6;905,5;906;905,5;1151,3;21,9;19,5;23,7;20,1;20,4;17,4;88;75;86;352;6,4;1,5;
2024/01/03;1800 UTC;2;905,2;905,5;905,1;645,3;20,7;18,9;22,1;20,6;19,6;17,5;89;80;89;351;3,5;2,7;
2024/01/03;1900 UTC;16,6;905,4;906,6;905;1295,1;20,1;19,1;21;17,5;19,8;15,8;97;88;94;100;8,1;2,7;
2024/01/03;2000 UTC;0;904,7;905,4;904,7;2142,5;22,7;17,2;23,1;19,7;19,7;16,5;95;68;71;75;5,9;,9;
2024/01/03;2100 UTC;0;904,3;904,7;904,2;1446,2;24,1;16,3;24,6;22,5;17,9;15,7;73;60;62;148;2,7;1,4;
2024/01/03;2200 UTC;0;904,5;904,5;904,3;563,9;23,9;17,3;24,7;23,8;17,6;16,3;67;61;66;156;3,1;,9;
2024/01/03;2300 UTC;0;904,9;904,9;904,5;29,2;21,5;16,7;23,9;21,3;17,2;16;75;66;74;163;2,4;1,5;
2024/01/04;0000 UTC;0;905,2;905,2;904,9;;21,1;16,9;21,5;21;16,9;16,5;77;74;77;164;3,4;1,7;
2024/01/04;0100 UTC;0;905,6;905,6;905,1;;21,1;17,2;21,3;20,5;17,3;16,7;79;77;78;175;3,8;2,2;
2024/01/04;0200 UTC;0;906,1;906,1;905,6;;20,7;16,6;21,2;20,5;17,2;16,6;80;78;78;168;3,8;2,1;
2024/01/04;0300 UTC;0;905,9;906,1;905,9;;19,7;16,3;20,7;19,7;16,6;16,2;80;77;80;113;3,2;1,2;
2024/01/04;0400 UTC;0;905,5;905,9;905,5;;20,1;16,9;20,5;18,9;17,5;16;86;80;82;51;3,5;1,7;
2024/01/04;0500 UTC;0;905,2;905,5;905,2;;18,5;17;20,1;18,5;17,2;16,4;91;82;91;80;4,4;1,7;
2024/01/04;0600 UTC;0;904,9;905,2;904,9;;18,2;16,7;18,6;17,8;17,1;16,5;92;91;91;47;4,9;2,2;
2024/01/04;0700 UTC;0;904,5;904,9;904,5;;17,7;16,1;18,3;17,7;16,8;16,1;91;90;91;15;4,6;2,8;
2024/01/04;0800 UTC;0;904,7;904,7;904,5;;17,3;15,8;17,7;17,2;16,1;15,7;91;90;91;8;5,4;3,1;
2024/01/04;0900 UTC;0;905,2;905,2;904,6;8,7;16,6;15,6;17,3;16,6;15,8;15,5;94;91;94;10;7,8;5;
2024/01/04;1000 UTC;0;905,8;905,8;905,2;388,2;17,3;15,9;17,3;16,6;15,9;15,5;94;91;91;4;8,1;4,2;
2024/01/04;1100 UTC;0;906,3;906,3;905,7;1263,7;18,9;16,5;19;17,3;17;15,8;91;86;86;17;8,1;2,4;
2024/01/04;1200 UTC;0;907;907;906,3;2073,5;20,1;17;20,8;18,7;17,8;16,2;87;79;82;9;6,4;2,3;
2024/01/04;1300 UTC;,2;907,4;907,4;907;2779,9;22,4;18,5;22,4;20,1;18,7;17;83;75;79;343;5,3;2,2;
2024/01/04;1400 UTC;0;907,5;907,5;907,4;3147,1;23,6;17,9;24;22,1;19,6;17,7;79;69;70;327;4,5;2,5;
2024/01/04;1500 UTC;0;907,2;907,5;907,2;3190,7;25,2;18,5;25,3;23,6;19,5;17,6;74;64;66;281;4,4;,8;
2024/01/04;1600 UTC;0;906,5;907,2;906,4;1481,5;23,7;17,7;26,3;23,7;19,1;17,6;73;61;69;19;3;,5;
2024/01/04;1700 UTC;15,4;906,6;907,2;906,5;167;18,4;15,6;23,7;16,3;18,6;15,1;94;69;84;85;8,2;,9;
2024/01/04;1800 UTC;0;905,9;906,7;905,9;2048,7;23;17,9;23,5;18,4;19,6;15,4;87;73;73;172;4,2;1,3;
2024/01/04;1900 UTC;0;905,4;905,9;905,4;3024,8;25,5;18,9;25,8;23;19;16,7;74;58;67;245;2,9;1,4;
2024/01/04;2000 UTC;0;905;905,4;905;1755,5;25,7;17,6;25,8;23,5;19,7;16,7;74;61;61;212;3,5;1,4;
2024/01/04;2100 UTC;0;905,1;905,1;904,9;1237,4;23,3;16,8;26,3;23,3;19,5;16,2;67;55;67;181;3,7;1,4;
2024/01/04;2200 UTC;0;905,6;905,6;905,2;270,5;20,1;16,9;23,3;20,1;18,6;16,5;83;66;82;113;6,1;2,3;
2024/01/04;2300 UTC;0;905,6;905,8;905,6;31,3;19,3;16,1;20,1;19,2;17,1;16,1;85;80;82;121;5,4;1,9;
2024/01/05;0000 UTC;0;905,6;905,6;905,4;;20,6;15,1;20,6;19,1;16,3;15,1;83;71;71;96;3,6;1,6;
2024/01/05;0100 UTC;0;906;906;905,5;;19,3;14,5;20,6;18,2;15,2;14,3;82;71;74;24;2,6;,6;
2024/01/05;0200 UTC;0;906,4;906,4;906;;20,6;14,9;20,8;18,8;15;14,5;77;68;70;40;5,2;3;
2024/01/05;0300 UTC;0;906;906,4;906;;20,1;15,5;20,6;20;15,5;14,9;75;70;75;38;6,4;2,9;
2024/01/05;0400 UTC;0;905,4;906,1;905,4;;20;16;20,3;19,9;16;15,4;78;75;78;37;7,3;3,2;
2024/01/05;0500 UTC;0;904,9;905,4;904,9;;19,2;16,1;20;19,2;16,2;16;82;78;82;48;7,3;2,4;
2024/01/05;0600 UTC;0;904,9;904,9;904,8;;17,9;16;19,2;17,8;16,2;15,7;89;82;89;41;4,9;1;
2024/01/05;0700 UTC;0;905;905;904,8;;18,1;16,1;18,5;17,9;16,3;16;89;86;88;31;5,5;2,5;
2024/01/05;0800 UTC;0;905,3;905,4;905;;17,8;15,9;18,1;17,8;16,1;15,8;89;88;88;17;5,4;2,7;
2024/01/05;0900 UTC;0;905,5;905,5;905,3;5,9;17,8;15,6;17,9;17,6;15,9;15,6;89;87;87;27;5,9;2,6;
2024/01/05;1000 UTC;0;905,9;906;905,4;371;18,6;15,6;18,6;17,6;15,7;15,5;87;83;83;12;5,7;1,9;
2024/01/05;1100 UTC;0;906,3;906,3;905,9;1177;20;16,4;20;18,6;16,5;15,6;84;78;80;32;6,2;2,7;
2024/01/05;1200 UTC;0;906,7;906,7;906,2;2014,9;21,8;17,5;21,9;19,9;17,6;16,1;80;75;76;43;6,1;2,2;
2024/01/05;1300 UTC;0;906,9;906,9;906,6;2753,5;23,4;18,3;23,5;21,8;19,1;17,2;78;72;73;354;5,7;2,9;
2024/01/05;1400 UTC;0;906,9;907;906,8;3391,3;24,6;19,3;25,3;23,3;20,4;17,7;76;68;72;340;6,3;3;
2024/01/05;1500 UTC;0;906,6;907;906,6;2644,5;25,4;19,2;25,8;23,3;20,5;17,8;76;64;68;338;6,3;3,2;
2024/01/05;1600 UTC;0;905,8;906,6;905,8;3503,1;25,5;18,6;26,3;23,8;20,2;18,2;74;62;66;325;8,4;3,5;
2024/01/05;1700 UTC;0;905,2;905,8;905,2;3942,9;27,4;17,6;27,6;25,5;19,9;16,9;68;55;55;278;6,4;2,8;
2024/01/05;1800 UTC;0;905;905,3;905;3295;28;21,7;28,1;25,6;21,7;16,1;71;51;69;130;5,6;1,4;
2024/01/05;1900 UTC;0;904,8;905;904,5;1917,8;24,3;19,1;28,3;24;21,8;19,1;79;62;73;112;5,6;1,7;
2024/01/05;2000 UTC;9,4;905,3;905,5;904,5;193;16,6;14,2;24,3;16,3;19,5;14,2;89;72;86;320;11;6,9;
2024/01/05;2100 UTC;1,8;904,6;905,3;904,4;564;19,1;15,8;19,1;16,5;15,8;13,2;85;70;81;115;11;2,3;
2024/01/05;2200 UTC;0;905,1;905,1;904,4;650,1;19,3;15,3;20,8;19;16,3;14;82;66;78;32;5,2;1,3;
2024/01/05;2300 UTC;0;905,3;905,3;905,1;41,3;19,3;15,6;19,5;18,9;16,6;15,3;87;78;79;26;7,2;3,7;
2024/01/06;0000 UTC;0;905,1;905,3;905;;19,6;14,3;20,2;18,9;16;14,2;82;70;71;38;7,2;2,6;
2024/01/06;0100 UTC;0;905,5;905,5;905,1;;20;15;20,9;19,6;15,1;14,2;73;67;73;359;6,1;3,1;
2024/01/06;0200 UTC;0;905,8;905,8;905,5;;20,2;15,5;20,5;19,9;15,5;15,1;74;72;74;12;6,8;3,7;
2024/01/06;0300 UTC;0;905,6;905,8;905,6;;20,3;15,8;20,6;20;16,1;15,5;78;74;75;29;7,6;3,4;
2024/01/06;0400 UTC;0;905,2;905,7;905,2;;20,1;16,7;20,5;20;16,7;15,9;81;75;81;36;7,8;2,9;
2024/01/06;0500 UTC;0;904,9;905,2;904,9;;19,1;16,7;20,1;19;16,8;16,6;86;81;86;35;8,3;3,4;
2024/01/06;0600 UTC;0;904,8;904,9;904,8;;18,7;16,5;19,1;18,6;16,7;16,5;88;86;87;41;8,1;4;
2024/01/06;0700 UTC;0;904,9;904,9;904,7;;18,5;16,1;18,7;18,4;16,6;16,1;88;86;86;36;7,3;3,2;
2024/01/06;0800 UTC;0;905;905,1;904,8;;18;15,8;18,5;18;16,1;15,8;88;86;87;28;7,2;3,5;
2024/01/06;0900 UTC;0;905,5;905,5;905;6,1;17,8;15,5;18,2;17,8;15,8;15,5;87;86;86;13;8,7;2,8;
2024/01/06;1000 UTC;0;905,8;905,8;905,5;367,3;19,1;15,8;19,1;17,8;15,8;15,5;86;81;81;7;6,5;2,6;
2024/01/06;1100 UTC;0;906;906;905,6;1170,1;20,8;16,8;20,8;19,1;17;15,8;82;76;78;11;6,4;1,6;
2024/01/06;1200 UTC;0;906,2;906,3;906;2017,2;21,8;17,3;21,8;20,8;17,7;16,7;79;75;76;8;7,8;3,2;
2024/01/06;1300 UTC;0;906,2;906,3;906,1;2763,5;23,2;18;23,6;21,7;18,5;17,2;77;70;73;2;7,3;3,6;
2024/01/06;1400 UTC;0;906,1;906,3;906,1;3352;24,5;18,2;25,2;23,2;19,6;17,9;75;68;68;337;7,5;3,3;
2024/01/06;1500 UTC;0;906;906,1;906;3690,4;25,7;18,8;26,1;24,3;19,9;18;72;65;65;330;8,6;3,2;
2024/01/06;1600 UTC;0;905,8;906;905,8;3772,8;25,4;18,6;26,8;25,1;21,3;18,6;73;64;66;334;6,9;3,9;
2024/01/06;1700 UTC;0;905,5;905,9;905,5;3332;27,2;20;27,6;25,2;20,6;17,1;73;55;65;325;6,8;2,9;
2024/01/06;1800 UTC;0;904,9;905,5;904,9;3253,3;27,9;18,5;28;26,4;20;17,4;65;54;57;314;5,9;2,3;
2024/01/06;1900 UTC;0;904,4;904,9;904,4;2973,3;28,9;18,7;28,9;27,3;19,1;16,8;58;51;54;295;6,3;2,3;
2024/01/06;2000 UTC;0;903,7;904,4;903,7;2262,7;27,8;17,7;28,9;27,5;18,3;16,4;56;49;54;329;6;2,1;
2024/01/06;2100 UTC;0;904;904;903,6;1519,6;27,2;17,1;28,4;27,2;19,3;17;59;52;54;317;4,3;2,4;
2024/01/06;2200 UTC;0;904,3;904,3;904;563,1;26,3;17,5;27,3;26,2;18,2;17,2;59;54;59;307;4;1,5;
2024/01/06;2300 UTC;0;904,6;904,6;904,3;36,2;25,2;17,2;26,3;25;17,5;17,1;62;58;61;344;2,6;1,6;
2024/01/07;0000 UTC;0;904,9;904,9;904,6;;24,9;16,6;25,3;24,7;17,3;16,5;62;59;60;327;3,1;2,1;
2024/01/07;0100 UTC;0;905,3;905,3;904,8;;25;17,2;25,2;24,8;17,2;16,1;62;58;62;348;2,9;1,7;
2024/01/07;0200 UTC;0;905,3;905,3;905,2;;24,9;16,8;25,1;24,7;17,3;16,7;63;60;61;13;2,9;2,2;
2024/01/07;0300 UTC;0;904,9;905,3;904,8;;23,6;17;24,9;23,6;17,1;16,4;67;60;67;7;5,2;2,8;
2024/01/07;0400 UTC;0;904,3;904,9;904,3;;22,9;17,1;23,7;22,9;17,2;17,1;70;67;70;12;4,8;2,8;
2024/01/07;0500 UTC;0;903,7;904,3;903,6;;22,1;17,1;23,1;22,1;17,2;17;73;69;73;7;5,6;2,8;
2024/01/07;0600 UTC;0;903,8;903,9;903,7;;21,9;17,1;22,2;21,9;17,3;17,1;75;73;74;13;5,2;3,1;
2024/01/07;0700 UTC;0;903,9;903,9;903,8;;21,1;17,1;21,9;21,1;17,2;17,1;78;74;78;29;4,8;2,1;
2024/01/07;0800 UTC;0;904,2;904,2;903,8;;20,8;17;21,2;20,7;17,1;16,9;79;78;79;27;5,5;3;
2024/01/07;0900 UTC;0;904,7;904,7;904,1;4,7;20,6;17,1;20,9;20,5;17,2;17;80;79;80;18;5,9;2,4;
2024/01/07;1000 UTC;0;905,1;905,2;904,7;282,5;21,4;17,6;21,4;20,6;17,6;17,1;80;78;79;8;5,1;2,4;
2024/01/07;1100 UTC;0;905,5;905,5;905,1;1158,2;22,6;17,9;22,6;21,4;18,1;17,5;79;75;75;354;6;3,3;
2024/01/07;1200 UTC;0;905,9;905,9;905,4;1930,9;24,5;19,3;24,5;22,5;19,6;17,9;77;72;73;357;7,7;2,5;
2024/01/07;1300 UTC;0;907,1;907,1;905,9;2190,2;25,1;19,2;25,9;24,1;19,8;18,4;73;66;70;338;6,6;2,9;
2024/01/07;1400 UTC;0;906,2;907,1;906,1;3336,2;26,8;19,2;27,3;25,2;20,1;18,5;70;61;63;337;8,9;4,3;
2024/01/07;1500 UTC;0;906;906,3;906;3762,5;28,1;20,1;28,3;26,8;20,6;18,9;65;58;62;322;8,8;4,3;
2024/01/07;1600 UTC;0;905,7;906,1;905,7;3357,1;28,3;19,3;29,1;27,3;20,7;18;65;54;58;319;9,6;4,1;
2024/01/07;1700 UTC;0;905,2;905,8;905,2;3758,2;29,1;17,7;29,8;27,8;20,9;17,2;61;50;50;306;9;4,1;
2024/01/07;1800 UTC;0;904,7;905,3;904,5;3408,4;30;17,6;30;28,4;19,2;16,2;56;44;47;319;7,9;4,1;
2024/01/07;1900 UTC;0;904,5;904,7;904,4;3019,9;30,8;18,2;30,8;28,7;18,7;15,3;52;40;47;301;7,8;2,9;
2024/01/07;2000 UTC;0;904,5;904,5;904,4;2322,7;29,8;16,4;30,8;29,4;18;15,8;48;43;44;263;7,8;3,1;
2024/01/07;2100 UTC;0;904,3;904,6;904,1;1050,8;28,4;18,3;29,9;27,9;18,6;16,1;55;44;55;270;6,5;,4;
2024/01/07;2200 UTC;0;904,2;904,4;904,1;384,5;26,7;16,8;29;26,7;18,2;16;56;49;55;262;2,7;1,3;
2024/01/07;2300 UTC;0;904,7;904,7;904,1;16,1;26,7;17;27,4;26,4;17,7;15,7;58;50;55;257;1,7;,8;
2024/01/08;0000 UTC;0;904,9;905;904,7;;26,7;16,9;27,1;26,5;17,2;16,9;57;54;55;231;2,8;1,8;
2024/01/08;0100 UTC;0;905,1;905,1;904,7;;26,2;17,2;26,8;25,6;17,2;16,7;59;55;58;76;3,7;,5;
2024/01/08;0200 UTC;0;904,8;905,1;904,7;;25,8;16,9;26,2;24,8;17,2;16,6;61;57;58;359;1,9;0;
2024/01/08;0300 UTC;0;904,5;904,8;904,5;;25,6;16,9;26,2;25,2;16,9;16,5;59;56;59;331;3;2;
2024/01/08;0400 UTC;0;904;904,5;904;;25,7;17;26,1;25,4;17,1;16,8;59;57;59;341;3,4;2,1;
2024/01/08;0500 UTC;0;904,1;904,3;904;;25;16,7;25,7;24,5;17,1;16,7;62;59;60;350;4,3;2;
2024/01/08;0600 UTC;0;903,6;904,1;903,5;;25,1;16,2;25,6;24,8;16,7;16,2;60;57;58;355;3,9;2,8;
2024/01/08;0700 UTC;0;903,8;903,8;903,4;;24,6;16,8;25,2;24,3;16,8;16,2;62;57;62;342;4,1;2,6;
2024/01/08;0800 UTC;0;904,3;904,3;903,8;;24;16,5;25,1;23,9;16,8;16,5;64;60;63;351;4,7;3,1;
2024/01/08;0900 UTC;0;904,7;904,7;904,2;3,5;24,1;16,5;24,3;23,5;16,7;16,4;65;62;63;338;5,5;3,2;
2024/01/08;1000 UTC;0;905,2;905,2;904,7;346,8;24,3;17;24,9;24,1;17,1;16,4;64;60;64;350;5,6;3,3;
2024/01/08;1100 UTC;0;906;906;905,1;1148,7;25,3;18;25,3;24,2;18,2;17,1;67;64;64;337;5,4;2,8;
2024/01/08;1200 UTC;0;907;907;906;1750,4;26,4;19,1;26,4;24,8;19,3;17,7;67;63;64;326;5,5;3;
2024/01/08;1300 UTC;0;907,2;907,4;907;2721,7;27,9;19,2;28,3;26,3;20,4;18,9;66;59;59;309;6,9;3,7;
2024/01/08;1400 UTC;0;907,1;907,2;907;3307,7;29;19,8;29,3;27,8;20,8;18,7;63;56;58;311;8;3,7;
2024/01/08;1500 UTC;0;906,3;907,2;906,3;3305,8;29,9;20,8;30;28,5;21,2;19,3;61;53;58;310;8;3,4;
2024/01/08;1600 UTC;0;905,5;906,3;905,5;1531,8;27,7;19,8;30,2;27,7;21,9;18,8;64;54;62;341;6,9;1,6;
2024/01/08;1700 UTC;0;905;905,6;905;1716,6;29,4;19,8;29,9;27,7;21,1;19,5;64;54;56;324;5,1;1,4;
2024/01/08;1800 UTC;0;905;905,2;904,9;2949,2;28,7;21;31,8;27,1;22,5;18;70;46;63;191;6,2;2,9;
2024/01/08;1900 UTC;0;904,8;905;904,7;2157;27;21,6;29;26,9;22,4;20,6;72;62;72;205;5,8;2,9;
2024/01/08;2000 UTC;0;904,7;904,9;904,6;2226,2;28,4;21,2;29,5;27;22,8;20;73;61;65;195;4,7;2,3;
2024/01/08;2100 UTC;0;905,1;905,2;904,5;1107;26,2;20,7;28,7;26,2;21,7;20,5;72;62;72;199;4,6;2,9;
2024/01/08;2200 UTC;0;905,4;905,4;905;229,3;25,3;21;26,2;25,3;21;20,6;77;72;77;180;5,5;2,8;
2024/01/08;2300 UTC;0;905,6;905,6;905,2;87,3;23,9;21;25,4;23,9;21,3;21;84;77;84;172;5,2;2,7;
2024/01/09;0000 UTC;0;906,5;906,5;905,6;;22,7;20,2;23,9;22,7;20,9;20,2;86;83;86;140;5,2;1,1;
2024/01/09;0100 UTC;0;906,8;906,8;906,4;;21,7;19,6;22,7;21,7;20,2;19,6;89;86;88;149;3,4;1,4;
2024/01/09;0200 UTC;0;906,8;907;906,7;;21,6;19,4;21,7;21,5;19,6;19,4;88;87;87;134;3,2;1,1;
2024/01/09;0300 UTC;0;906;906,8;906;;22,1;19;22,2;21,5;19,5;18,9;88;83;83;107;2,5;1,2;
2024/01/09;0400 UTC;0;905,6;906;905,6;;22,3;19,3;22,8;21,8;19,7;18,3;85;79;83;115;3,3;1,7;
2024/01/09;0500 UTC;0;905,3;905,6;905,3;;22,7;19,1;22,7;21,9;19,8;19,1;86;80;80;91;4,1;2;
2024/01/09;0600 UTC;0;905,4;905,5;905,2;;22,3;18,4;22,7;22,2;19,1;18,1;81;76;79;115;3,4;1,8;
2024/01/09;0700 UTC;0;905,7;905,7;905,4;;22,3;18,5;23;22,2;18,5;18;79;74;79;94;3,9;2,2;
2024/01/09;0800 UTC;0;906,4;906,4;905,6;;22,3;18,2;22,6;22;18,8;18,2;82;77;77;90;3,6;2,3;
2024/01/09;0900 UTC;0;906,7;906,7;906,3;2,5;21,6;17,4;22,5;21,4;18,1;17,4;79;74;77;73;3,8;,8;
2024/01/09;1000 UTC;0;907,1;907,1;906,7;330,4;23,1;18,4;23,2;21,6;18,4;16,9;77;69;75;356;5,5;3,1;
2024/01/09;1100 UTC;0;907,4;907,5;907,1;1113,4;24,6;19;24,7;23,1;19,3;18,3;75;70;71;353;5,8;3,4;
2024/01/09;1200 UTC;0;907,5;907,6;907,4;1938,5;26,1;19,9;26,3;24,6;20,5;19;73;66;69;352;5,5;2,7;
2024/01/09;1300 UTC;0;907,3;907,5;907,2;2675,1;27,9;19,5;28,1;26,2;20,9;19,5;70;60;60;10;7,4;2,7;
2024/01/09;1400 UTC;0;907;907,3;906,9;3240,4;28,8;20,6;29;27,8;21,4;19,7;65;60;61;356;8,5;3,6;
2024/01/09;1500 UTC;0;906,8;907;906,8;3673,9;29,8;21,5;29,8;28,8;21,5;19,8;63;56;61;339;9,3;4,8;
2024/01/09;1600 UTC;0;906,2;906,9;906,2;3618,7;30,4;21;30,6;29,4;21,6;19,8;61;54;57;311;9,7;4,4;
2024/01/09;1700 UTC;0;906,1;906,2;905,9;2729,8;29,4;19,2;31;29,4;21,5;19,2;59;52;54;279;11;2,7;
2024/01/09;1800 UTC;0;908,1;908,4;906,1;335,4;17,8;16;29,4;17,8;19,8;15,5;89;54;89;200;21,9;9,2;
2024/01/09;1900 UTC;0;908,1;908,2;907;243,6;18,7;16,4;18,7;17,5;16,6;16;93;86;86;193;15,9;5,5;
2024/01/09;2000 UTC;0;906,7;908,1;906,7;158,1;18,6;16,9;18,8;18,5;17;16,2;90;85;90;130;10,7;3,4;
2024/01/09;2100 UTC;0;908,9;908,9;906,1;172,5;18,7;17,1;18,9;18,6;17,1;16,9;91;89;90;122;8,1;2,5;
2024/01/09;2200 UTC;0;908,6;909,4;908,5;34,2;19,3;16,8;19,3;18,7;17,1;16,8;90;86;86;30;5,5;3;
2024/01/09;2300 UTC;0;907,5;908,9;907,5;8,4;19;16,9;19,6;18,9;17;16,5;88;83;88;1;7,8;5,5;
2024/01/10;0000 UTC;0;906,4;907,5;906,4;;19;16,8;19,3;18,6;17,1;16,7;90;86;87;357;9,3;4,9;
2024/01/10;0100 UTC;0;906,3;906,4;905,9;;20,1;15,9;20,2;18,9;16,7;15,9;87;77;77;360;7,4;4,6;
2024/01/10;0200 UTC;0;907,3;907,5;906,3;;20,8;15,4;21,5;20;15,9;15;77;67;71;355;8,8;5,5;
2024/01/10;0300 UTC;0;907,1;907,4;906,8;;22,6;13,8;23,6;20,8;15,4;13,2;71;52;57;7;8;4,3;
2024/01/10;0400 UTC;0;906,3;907,2;906,3;;19,8;15,8;22,7;19,6;15,9;13,8;79;57;78;16;8,9;5,2;
2024/01/10;0500 UTC;0;905,7;906,3;905,7;;20,3;15,3;20,3;19,6;15,8;15,3;78;73;73;10;8,1;4,2;
2024/01/10;0600 UTC;0;905,3;905,7;905,2;;20,8;14,7;20,9;19,6;15,6;14,7;77;68;68;9;8,8;4,7;
2024/01/10;0700 UTC;0;904,9;905,4;904,9;;18,6;15,9;21;18,4;16;14,8;85;68;85;339;8,7;5,5;
2024/01/10;0800 UTC;0;905,4;905,4;904,9;;19,1;16;19,4;18,6;16,2;15,8;85;80;82;337;10,8;5,9;
2024/01/10;0900 UTC;0;905,6;905,9;905,4;3,2;20,2;15,4;20,3;19;16,1;15,4;83;74;74;14;9,7;4,1;
2024/01/10;1000 UTC;0;905,9;905,9;905,5;229,2;20,4;15,4;20,4;19,9;15,5;15,3;75;73;73;14;9,9;4,7;
2024/01/10;1100 UTC;0;905,9;906;905,8;945,5;22,1;15,8;22,1;20,3;15,9;15,2;73;67;67;6;9,9;4;
2024/01/10;1200 UTC;0;906,1;906,2;905,9;2013,4;23,4;16,9;23,4;22,1;17;15,7;68;65;67;352;8,8;4,4;
2024/01/10;1300 UTC;0;906,6;906,7;906;2820;25,1;17,9;25,2;23,4;18;16,6;67;63;64;349;9,6;5,1;
2024/01/10;1400 UTC;0;906,9;906,9;906,6;2920,5;25,9;18,4;26;24,8;18,9;17,4;67;62;63;340;9,9;4,9;
2024/01/10;1500 UTC;0;906,9;907,1;906,9;3465,3;27;19,5;27;25,4;19,6;17,8;67;62;64;335;9,9;4,8;
2024/01/10;1600 UTC;0;906,3;906,9;906,3;3779,6;27,6;20,3;27,8;26,7;20,4;18,6;66;60;64;351;9,4;3,3;
2024/01/10;1700 UTC;0;906,1;906,3;906,1;3470,8;29,2;20,4;29,2;27,3;21,5;19,2;66;56;59;279;7,1;1,6;
2024/01/10;1800 UTC;0;905,5;906,1;905,5;2803,5;29,3;17,8;30;29;21,1;17,7;60;48;50;228;3,4;,6;
2024/01/10;1900 UTC;0;904,8;905,5;904,7;1885,3;29,2;19,9;29,6;28,3;20,4;17,2;62;48;57;58;3,1;,6;
2024/01/10;2000 UTC;0;904,4;904,8;904,4;1731,9;29,6;18,1;29,9;28,7;19,8;17,6;57;49;50;231;2,4;,4;
2024/01/10;2100 UTC;0;904,5;904,6;904,4;1073,1;27,3;20,8;29,8;27,3;20,8;17,4;68;50;68;260;2,9;1,4;
2024/01/10;2200 UTC;0;905,1;905,1;904,5;350,7;25,4;21,6;27,3;25,4;22,1;21,1;80;68;80;193;4;1,9;
2024/01/10;2300 UTC;0;905,6;905,6;905,1;21,5;23,8;21,2;25,4;23,8;21,9;21,1;85;80;85;190;4,6;2,5;
2024/01/11;0000 UTC;0;906,4;906,4;905,4;;23,4;21;23,8;23,2;21,2;20,8;87;85;86;200;4,6;2,9;
2024/01/11;0100 UTC;0;907,3;907,3;906,4;;23,3;20,6;23,6;23,3;21;20,5;86;84;85;209;4,9;2,8;
2024/01/11;0200 UTC;0;907;907,5;907;;22,9;20,3;23,5;22,8;20,8;20,3;88;84;85;114;4,3;1,3;
2024/01/11;0300 UTC;0;905,9;907;905,9;;22,8;20,4;23,2;22,8;20,5;20,2;86;84;86;85;3,8;1,6;
2024/01/11;0400 UTC;0;905,5;905,9;905,5;;22,8;20,6;23;22,7;20,6;20,4;87;85;87;70;3,8;1,7;
2024/01/11;0500 UTC;0;905,3;905,6;905,3;;22,9;19,5;23,1;22,8;20,6;19,5;87;81;81;67;3;1,2;
2024/01/11;0600 UTC;0;904,5;905,3;904,5;;22,6;19,5;23;22,6;19,6;19,4;83;80;83;49;3,4;,5;
2024/01/11;0700 UTC;0;903,7;904,5;903,7;;23,8;18,9;24,2;22,5;19,6;18,7;83;72;74;2;3,8;2,7;
2024/01/11;0800 UTC;0;903,5;903,7;903,1;;22,6;19,1;23,9;22,6;19,3;18,8;81;74;81;349;7,4;3,9;
2024/01/11;0900 UTC;0;904,5;904,5;903,5;4,7;22,4;18,9;22,6;22,2;19,1;18,8;82;80;81;345;6,8;3,4;
2024/01/11;1000 UTC;0;904,8;904,8;904,5;214,9;23,1;19,1;23,2;22,4;19,2;18,9;81;78;78;352;6,1;3,9;
2024/01/11;1100 UTC;0;905;905,1;904,8;607,1;23,2;19,7;23,2;22,7;19,7;18,9;81;77;80;350;7,3;3,8;
2024/01/11;1200 UTC;0;906,2;906,2;905;879,5;23,6;20,1;23,6;23,2;20,1;19,6;81;80;81;326;9,3;2,9;
2024/01/11;1300 UTC;0;906,8;906,8;906,3;1058,1;24,3;20,5;24,4;23,3;20,9;20;83;79;80;331;6,3;2,9;
2024/01/11;1400 UTC;0;906,5;906,8;906,4;1640,5;25,3;20,5;25,4;24,1;20,9;20,1;81;75;75;317;8,7;5,7;
2024/01/11;1500 UTC;0;906,1;906,5;906;2269,6;25,6;21,1;26;25,2;21,2;20,3;77;73;76;317;10,4;5,2;
2024/01/11;1600 UTC;0;906;906,3;906;2117,4;26,2;20,6;26,9;25,3;21,8;20,5;77;70;72;282;8,5;3,7;
2024/01/11;1700 UTC;0;905,4;906,1;905,3;1999,1;26;21;27,2;25,8;21,4;20,2;75;68;74;258;7,4;3;
2024/01/11;1800 UTC;0;905,3;905,6;905,3;1548;25,4;21,6;26;24,6;21,6;20,6;82;74;80;241;7;1,9;
2024/01/11;1900 UTC;0;904,9;905,3;904,8;1446,5;24,2;20;25,7;23,8;21,7;19,7;82;74;77;199;9,8;3;
2024/01/11;2000 UTC;0;904,5;904,9;904,5;1697,1;25,7;18,1;26,2;24,2;20,6;17,9;77;61;63;191;9,6;2,5;
2024/01/11;2100 UTC;0;904,5;904,6;904,2;1172,5;25,1;18,5;25,9;24,1;18,8;17,2;69;60;67;162;8;1,9;
2024/01/11;2200 UTC;0;904,7;904,7;904,4;695,5;23,1;17,4;25,1;23;18,8;17;71;65;71;171;7,6;3;
2024/01/11;2300 UTC;0;904,9;904,9;904,7;54;21,3;17,1;23,1;21,3;17,4;16,8;77;69;77;177;8,2;3,2;
2024/01/12;0000 UTC;0;905;905,1;904,9;;20,8;17,5;21,4;20,8;17,6;17,1;82;77;82;169;6,1;2,9;
2024/01/12;0100 UTC;0;905,3;905,3;905;;20,1;17,7;21;20,1;17,7;17,5;86;81;86;147;6,7;1,4;
2024/01/12;0200 UTC;0;905,6;905,7;905,2;;20,3;17,6;20,3;19,8;17,8;17,6;88;84;84;178;3,8;2;
2024/01/12;0300 UTC;0;906;906,1;905,5;;19,8;17,3;20,4;19,8;17,6;17,2;86;83;86;177;4,2;2,1;
2024/01/12;0400 UTC;0;904,5;906;904,5;;19,7;17,5;20;19,4;17,5;17,2;88;85;87;124;4,5;2,1;
2024/01/12;0500 UTC;0;904,5;905;904,4;;19,3;17,4;19,8;19,3;17,5;17,3;89;87;89;173;5,2;2,4;
2024/01/12;0600 UTC;0;904,3;904,5;904,2;;19,6;17,7;19,6;19,1;17,7;17,3;90;88;88;193;3,9;1,8;
2024/01/12;0700 UTC;0;904;904,4;904;;19,5;17,6;19,7;19,4;17,7;17,5;90;88;89;108;2,8;1,5;
2024/01/12;0800 UTC;0;904,2;904,2;904;;19,5;17,5;19,7;19,4;17,6;17,5;89;88;88;78;3;1,9;
2024/01/12;0900 UTC;0;905;905;904,2;;19,6;17,4;19,8;19,3;17,6;17,4;89;87;87;147;3;,9;
2024/01/12;1000 UTC;0;905,3;905,3;905;93,5;20;18;20;19,5;18;17,4;89;87;88;112;1,6;,2;
2024/01/12;1100 UTC;0;906;906;905,3;517,2;20,6;18,5;20,7;19,9;18,7;17,9;90;87;87;148;1,9;,5;
2024/01/12;1200 UTC;0;906,2;906,2;906;1045,4;21,8;19,2;22;20,6;19,6;18,2;88;84;85;135;1,9;,6;
2024/01/12;1300 UTC;0;906,5;906,5;906,2;2199,3;23,1;19,3;24,3;21,8;20,6;18,6;85;75;79;149;2,5;1;
2024/01/12;1400 UTC;0;906,6;906,6;906,5;2809,8;25,2;20,5;26;23,1;21,5;19,5;83;72;75;344;3,6;,5;
2024/01/12;1500 UTC;0;906,3;906,7;906,3;2865,8;27,4;20,6;27,6;24,8;22,3;19,7;78;66;67;139;3,5;1,3;
2024/01/12;1600 UTC;0;906;906,4;906;2287,3;27,4;20,1;27,8;25,8;22,1;19,6;73;64;64;141;3,1;,4;
2024/01/12;1700 UTC;0;905,5;905,9;905,5;2185,2;26,3;19,8;28,9;26,1;21,9;19,5;72;61;67;179;4,3;1,5;
2024/01/12;1800 UTC;0;904,8;905,5;904,7;2627,5;29,5;20,9;29,5;26,1;22,1;19;73;56;60;164;5,8;1,9;
2024/01/12;1900 UTC;0;904,7;904,8;904,6;2340;27,7;19,8;29,5;26,9;20,5;18,1;65;55;62;160;7,6;2,9;
2024/01/12;2000 UTC;0;904,3;904,7;904,3;1562,8;26,5;19,9;27,8;26;21,2;19,2;70;62;67;166;7,5;1,9;
2024/01/12;2100 UTC;0;904,4;904,4;904,2;1413;26,4;20,1;26,8;25,9;20,5;19,6;71;66;69;164;7,9;2,9;
2024/01/12;2200 UTC;0;905,1;905,1;904,4;741,3;24,5;18,8;26,4;24,5;20,4;18,7;71;68;71;152;6,9;2,8;
2024/01/12;2300 UTC;0;905,8;905,8;905;70,9;22,9;19,1;24,5;22,8;19,1;18,5;80;70;79;132;5,9;1,5;
2024/01/13;0000 UTC;0;906,6;906,6;905,8;;22,4;19,1;22,9;22,4;19,3;19;82;79;82;128;5;2,1;
2024/01/13;0100 UTC;0;906,9;906,9;906,5;;21,9;19;22,5;21,9;19,2;19;84;82;84;125;5;2,4;
2024/01/13;0200 UTC;0;907,1;907,2;906,9;;21,5;18,9;21,9;21,5;19,1;18,9;85;84;85;126;5,5;2,4;
2024/01/13;0300 UTC;0;906,9;907,2;906,9;;21;18,6;21,5;20,9;18,9;18,5;86;85;86;107;5,7;2,2;
2024/01/13;0400 UTC;0;906,6;906,9;906,5;;20,7;18,5;21,1;20,6;18,6;18,4;88;86;87;93;4,3;2,3;
2024/01/13;0500 UTC;0;906,4;906,6;906,4;;20,1;18,6;20,7;19,9;18,6;18,3;91;87;91;87;3,9;1,5;
2024/01/13;0600 UTC;0;906,2;906,5;906,1;;19,8;18,5;20,1;19,7;18,6;18,4;93;91;92;92;4,2;1,1;
2024/01/13;0700 UTC;0;906,1;906,2;906,1;;19,9;18,3;20,3;19,7;18,7;18,2;92;90;91;131;5,6;1,2;
2024/01/13;0800 UTC;0;906,3;906,3;906;;19,3;18;19,9;19,3;18,3;18;92;90;92;70;6,5;2,1;
2024/01/13;0900 UTC;0;906,9;907;906,3;1,1;18,9;16,8;19,3;18,8;18;16,8;92;88;88;48;8;4,4;
2024/01/13;1000 UTC;0;907,8;907,8;906,9;322,6;19,2;16,6;19,3;18,8;16,8;16,5;88;84;85;53;9,3;3,2;
2024/01/13;1100 UTC;0;908,1;908,1;907,8;1112,5;20,5;17;20,5;19,2;17,2;16,6;85;80;81;44;8,7;2,5;
2024/01/13;1200 UTC;0;908,5;908,5;908,1;1962,3;22,6;17,8;22,6;20,4;18,3;16,8;81;74;74;53;8,4;2,9;
2024/01/13;1300 UTC;0;908,6;908,6;908,5;2724,9;23,9;18,4;24,2;22,4;18,8;17,5;76;69;71;16;7,6;2,5;
2024/01/13;1400 UTC;0;908,5;908,8;908,5;3295,9;25,6;19;26,1;23,9;20,1;18,1;74;64;67;349;6,8;2,5;
2024/01/13;1500 UTC;0;908,1;908,5;908,1;3724,8;27,1;19,9;27,4;25,4;21,1;18,8;70;63;65;341;6,3;2,2;
2024/01/13;1600 UTC;0;907,6;908,1;907,6;3927,7;28,2;19,8;28,4;26,5;21,1;19,1;68;58;60;324;6,3;1,8;
2024/01/13;1700 UTC;0;906,9;907,6;906,9;2765,5;28,7;20,3;28,7;27;21,1;18,4;67;57;60;23;5,1;1,1;
2024/01/13;1800 UTC;0;906,5;906,9;906,5;2949,5;28,8;19,1;29,9;27,4;20,8;18,2;64;52;56;327;4,6;1,9;
2024/01/13;1900 UTC;0;905,9;906,5;905,9;2598,1;29,9;19,3;29,9;28;20,1;17,9;58;49;53;294;5,6;1,7;
2024/01/13;2000 UTC;0;905,4;905,9;905,4;2376,5;29,8;18,5;30,4;29,2;20;16,5;55;44;51;297;5,5;1,4;
2024/01/13;2100 UTC;0;905,1;905,4;905,1;703,8;27,9;18,3;29,8;27,8;19,1;16,5;56;47;56;284;3,7;,4;
2024/01/13;2200 UTC;0;905,3;905,4;905,1;386,4;27,1;18;29,1;27,1;18,7;17,4;58;52;57;283;2;1,2;
2024/01/13;2300 UTC;0;905,8;905,8;905,3;27,6;26,5;18,5;27,3;26,5;18,6;17,7;62;57;61;234;2,2;,2;
2024/01/14;0000 UTC;0;906,5;906,5;905,8;;26,2;18,5;26,8;25,9;19,9;18,3;70;61;63;207;2,8;1,1;
2024/01/14;0100 UTC;0;907,2;907,2;906,5;;25,6;18,4;26,3;25,5;18,6;18,3;66;61;64;98;2,7;,7;
2024/01/14;0200 UTC;0;908;908;907,2;;24,8;19,1;25,7;24,8;19,1;18,4;71;64;71;14;7,1;3,2;
2024/01/14;0300 UTC;0;908;908,1;907,9;;23;19,4;24,8;23;19,5;19,1;80;71;80;32;8,4;2,2;
2024/01/14;0400 UTC;0;908,1;908,1;908;;22;19,4;23;22;19,5;19,4;86;80;86;36;6,8;1,8;
2024/01/14;0500 UTC;0;907,6;908,1;907,5;;21,4;18,4;22;21,4;19,4;18,4;86;83;83;10;8,4;3,6;
2024/01/14;0600 UTC;0;907,4;907,6;907,4;;20,9;18,1;21,4;20,9;18,4;18,1;84;83;84;12;8;3,8;
2024/01/14;0700 UTC;0;907,2;907,4;907,2;;20,6;18;21;20,6;18,2;18;85;84;85;4;9,3;4,6;
2024/01/14;0800 UTC;0;907,3;907,3;907,1;;20;17,9;20,6;19,9;18;17,9;88;85;88;2;9,3;4,3;
2024/01/14;0900 UTC;0;907,8;907,8;907,3;1;19,6;17,8;20;19,5;17,9;17,8;90;88;89;10;8,9;4,2;
2024/01/14;1000 UTC;0;908,4;908,4;907,8;309,6;20,2;18;20,2;19,5;18;17,7;90;87;87;10;9;3,6;
2024/01/14;1100 UTC;0;908,9;908,9;908,4;1104,1;21,7;18,5;21,7;20,2;18,5;18;87;82;82;3;8,3;3,4;
2024/01/14;1200 UTC;0;909,2;909,2;908,9;1963,5;23,2;19,2;23,4;21,7;19,3;18,4;82;76;78;347;10,5;5,1;
2024/01/14;1300 UTC;0;909,4;909,4;909,2;2698,8;24,6;19,3;24,8;23;20,1;18,7;78;72;72;338;10,5;4,4;
2024/01/14;1400 UTC;0;909,1;909,4;909,1;3240,6;25,9;19,6;26,2;24,5;20,5;19,3;74;68;68;334;9;4,6;
2024/01/14;1500 UTC;0;909,4;909,4;909,1;3458,5;27,4;20,7;27,7;25,5;21,5;19,6;72;64;67;338;8,1;3,6;
2024/01/14;1600 UTC;0;908,7;909,4;908,7;3414,3;27,2;20;28,4;26,1;21,6;19,1;70;62;65;335;7,7;2,6;
2024/01/14;1700 UTC;0;908;908,7;908;3793,6;28,8;20;29,1;27,2;22,1;19,4;67;58;59;327;7,6;4,1;
2024/01/14;1800 UTC;0;906,9;908;906,9;3481,9;29,3;19,9;29,9;28,4;21,9;19,1;64;54;57;324;7,8;3,6;
2024/01/14;1900 UTC;0;905,6;906,9;905,6;2324,8;29;19,5;29,8;27,7;20,9;18,3;61;53;56;316;7,4;3,5;
2024/01/14;2000 UTC;0;905;905,6;904,8;2103,9;29,4;19,2;29,6;27,6;20,2;18,2;60;51;54;310;6,7;3,7;
2024/01/14;2100 UTC;0;905,5;905,5;905;886,6;27,4;19,4;29,5;27,3;19,8;18,7;62;54;62;301;6,3;2,5;
2024/01/14;2200 UTC;0;905,8;905,8;905,6;238,2;26,5;19,7;27,4;26,5;19,7;19,3;66;61;66;269;4,2;1,5;
2024/01/14;2300 UTC;0;906,9;907,1;905,8;8,6;26,4;20;26,8;26,3;20;19,6;68;65;68;223;3,2;1,7;
2024/01/15;0000 UTC;0;907,6;907,6;906,8;;25,9;20,2;26,4;25,7;20,2;19,9;71;68;71;231;3,3;1,9;
2024/01/15;0100 UTC;0;907,9;907,9;907,4;;25,2;20,1;26;25,2;20,3;20;73;70;73;94;3,7;,3;
2024/01/15;0200 UTC;0;908,8;909;907,7;;20,3;18,2;25,2;20,3;20,4;18,1;88;73;88;137;11,4;3,3;
2024/01/15;0300 UTC;0;907,9;909,1;907,7;;19,3;18,2;20,3;19,3;18,5;18,1;93;88;93;111;8,1;1,3;
2024/01/15;0400 UTC;0;906,4;907,9;906,4;;19,1;18,1;19,4;19,1;18,3;18;94;93;94;78;4,4;2,7;
2024/01/15;0500 UTC;0;906,8;907;906,4;;19,8;18;19,8;19,1;18,1;17,9;94;89;89;341;7,6;4;
2024/01/15;0600 UTC;0;905,8;906,9;905,8;;21,1;18,1;21,1;19,3;18,2;17,8;92;83;83;5;6,6;4,3;
2024/01/15;0700 UTC;0;905,5;905,8;905,4;;20,9;18,4;21,7;20,9;18,7;17,6;86;79;86;356;6;3,2;
2024/01/15;0800 UTC;0;905,9;905,9;905,5;;20,5;18,6;21;20,3;18,8;18,3;89;86;89;352;6,3;3,2;
2024/01/15;0900 UTC;0;905,9;906,1;905,8;,3;21;18,3;21;20,2;18,7;18,3;90;85;85;347;7,5;4,4;
2024/01/15;1000 UTC;0;906,9;906,9;905,9;253;21,1;18,5;21,4;20,8;18,5;18,1;86;82;85;335;6,8;3,1;
2024/01/15;1100 UTC;0;907,2;907,5;906,8;390,5;21,2;18,7;21,4;21,1;18,9;18,2;87;83;85;338;6,5;3,4;
2024/01/15;1200 UTC;0;908;908,2;907;390,4;21,6;18,8;21,6;21,2;18,9;18,7;86;84;84;342;6,3;4,3;
2024/01/15;1300 UTC;0;908;908,2;907,7;602,6;21,8;19,8;21,8;21,5;19,8;18,8;89;84;88;344;7,3;4,2;
2024/01/15;1400 UTC;0;908,3;908,3;908;1114,2;23,5;20,6;23,6;21,6;21,3;19,7;89;83;84;306;7;3,1;
2024/01/15;1500 UTC;0;908,5;908,7;908,3;1059;22,5;19,7;24,1;22,5;21,3;19,6;87;82;84;224;6,4;1,5;
2024/01/15;1600 UTC;0;908;908,5;908;521,6;22,2;20,6;23,1;22,1;20,6;19,8;91;84;90;117;4;,8;
2024/01/15;1700 UTC;0;907,8;908,1;907,7;1515;24,1;20,9;24,4;21,4;21,7;19,9;93;82;82;109;4,8;1,4;
2024/01/15;1800 UTC;0;907,4;908;907,3;2189;24,5;21,4;25,8;23,7;22,6;20,6;88;79;83;354;6,2;2,9;
2024/01/15;1900 UTC;0;906,9;907,4;906,9;1461;24,3;21,3;25,2;23,5;22,3;21;88;80;84;350;7,2;2,7;
2024/01/15;2000 UTC;0;906,7;906,9;906,4;1136,3;23,3;20,5;24,8;23,3;21,3;20,5;84;79;84;344;6,2;3,9;
2024/01/15;2100 UTC;0;906,5;907;906,5;272,2;22;20;23,3;22;20,5;19,9;88;84;88;349;8,4;3,3;
2024/01/15;2200 UTC;0;907;907,1;906,5;165,6;22;20,5;22,1;21,9;20,5;20;91;88;91;349;5,6;3;
2024/01/15;2300 UTC;0;907;907,1;906,8;64,7;21,6;20,6;22;21,5;20,6;20,4;94;91;94;347;5,6;3,1;
2024/01/16;0000 UTC;0;907,3;907,3;906,8;;21,3;20,4;21,6;21,2;20,6;20,3;95;94;95;347;6,7;4,4;
2024/01/16;0100 UTC;0;907,3;907,3;907;;20,7;19,8;21,3;20,6;20,4;19,7;95;94;94;342;7,9;3,6;
2024/01/16;0200 UTC;0;907,6;907,6;907,3;;20,5;19,9;20,7;20,5;20;19,7;96;94;96;343;6,3;4,3;
2024/01/16;0300 UTC;0;907,1;907,7;907,1;;20,4;19,9;20,6;20,4;20;19,8;97;96;97;343;6,9;3,8;
2024/01/16;0400 UTC;0;906,4;907,1;906,4;;20,4;19,9;20,4;20,3;19,9;19,8;97;97;97;352;6,9;3,8;
2024/01/16;0500 UTC;0;906,1;906,4;906;;20,4;19,5;20,6;20,3;20;19,5;97;94;95;348;5,7;3,9;
2024/01/16;0600 UTC;,2;905,7;906,1;905,7;;19,9;19,3;20,4;19,9;19,5;19,3;96;95;96;348;7,3;5,1;
2024/01/16;0700 UTC;0;905,3;905,9;905,3;;19,8;19,3;19,9;19,7;19,3;19,2;97;96;97;347;7,8;4,7;
2024/01/16;0800 UTC;0;905,6;905,6;905,2;;19,6;19,1;19,8;19,6;19,2;19,1;97;97;97;350;6,8;3,7;
2024/01/16;0900 UTC;0;905,8;905,8;905,6;3,3;19,3;18,8;19,6;19,3;19,1;18,8;97;97;97;351;6;4;
2024/01/16;1000 UTC;0;906,7;906,7;905,8;200,9;19,6;19,1;19,6;19,3;19,1;18,8;97;97;97;347;7,5;4,9;
2024/01/16;1100 UTC;0;907;907;906,6;420,8;20;19,6;20;19,6;19,6;19,1;97;97;97;348;8,4;5,2;
2024/01/16;1200 UTC;0;907,1;907,3;906,9;600,1;20,7;20,3;20,9;20;20,4;19,5;97;97;97;341;9,5;4,1;
2024/01/16;1300 UTC;0;906,9;907,3;906,9;1085,5;22,9;22,3;23;20,7;22,4;20,2;97;97;97;336;10,3;4,3;
2024/01/16;1400 UTC;0;906,5;906,9;906,5;1801,6;24;21;24,1;22,9;22,6;20,7;97;82;83;330;11,9;5,8;
2024/01/16;1500 UTC;0;906,4;906,6;906,3;2347,2;25,9;21,5;25,9;23,8;22;20,5;83;76;77;320;11,9;5,7;
2024/01/16;1600 UTC;0;906,5;906,7;906,3;2808,3;27,3;21,7;27,8;25,4;22,3;20,3;78;68;71;315;11;5,2;
2024/01/16;1700 UTC;,2;906,3;906,7;906,1;3181,6;27,2;21,7;28,3;24,4;22,7;20,2;83;65;72;335;10,4;4;
2024/01/16;1800 UTC;0;905,9;906,3;905,8;2426,2;26,9;21,4;28,5;26,7;22,6;20,9;74;68;72;314;7,9;3,3;
2024/01/16;1900 UTC;,2;905,4;906;905,3;2385,8;27,5;21,2;27,9;24,3;22,2;20,5;84;68;68;309;9;4,3;
2024/01/16;2000 UTC;0;904,4;905,4;904,4;1882,9;28,1;21,4;28,2;26,6;22,2;20,6;75;66;67;325;8,8;3,3;
2024/01/16;2100 UTC;0;903,9;904,4;903,9;1302,3;27,1;20,7;28,3;27;22;20,6;69;66;68;341;8,9;4;
2024/01/16;2200 UTC;0;904,4;904,4;903,8;485,9;25,8;21;27,6;25,8;21,3;20,6;75;67;75;339;8,7;3,8;
2024/01/16;2300 UTC;0;904,9;904,9;904,3;23,3;25;21;25,8;25;21,1;20,9;79;75;79;352;6,5;3;
2024/01/17;0000 UTC;0;906,1;906,3;904,9;;25;20,9;25;24,7;21,1;20,9;79;78;78;353;6,1;3,3;
2024/01/17;0100 UTC;0;906,4;906,7;906,1;;24,2;20,8;25;24,1;20,9;20,8;82;78;81;352;6,3;3,7;
2024/01/17;0200 UTC;0;907,4;907,4;906,4;;24;20,8;24,3;23,9;20,8;20,7;83;81;83;24;6,3;2,3;
2024/01/17;0300 UTC;0;907,7;907,7;907,1;;23,7;21;24,1;23,5;21;20,8;86;82;85;348;6,5;3,2;
2024/01/17;0400 UTC;0;907,3;907,9;907,2;;23,2;20,9;24;23,2;21,1;20,9;87;83;87;338;5,6;3,1;
2024/01/17;0500 UTC;0;906,9;907,3;906,8;;23,3;21;23,4;23,2;21,1;20,9;88;87;87;340;5,6;3,1;
2024/01/17;0600 UTC;0;906,7;907,2;906,6;;23,1;21;23,3;23,1;21,1;20,9;88;87;88;352;5,3;3;
2024/01/17;0700 UTC;0;905,8;906,7;905,8;;23;21;23,1;22,9;21,1;21;89;88;89;343;5,7;3,2;
2024/01/17;0800 UTC;,2;907;907;905,8;;21,1;20,1;23,1;21,1;21;20,1;94;88;94;145;5,7;1,6;
2024/01/17;0900 UTC;0;907,5;907,5;906,8;;19;18,5;21,1;19;19,9;18,3;97;94;97;115;5,4;1,6;
2024/01/17;1000 UTC;0;908,3;908,3;907,5;50,2;18,9;18,4;19,1;18,8;18,5;18,3;97;97;97;98;4;1,2;
2024/01/17;1100 UTC;0;908,7;908,7;908,1;250,4;19,9;19,1;19,9;18,9;19,2;18,5;97;95;95;54;3,3;1,2;
2024/01/17;1200 UTC;0;908,5;908,9;908,5;495;21,6;20,1;21,8;19,9;20,2;19,2;95;89;91;354;4,7;3;
2024/01/17;1300 UTC;0;909,1;909,2;908,4;603,6;20,2;18,2;22,8;20,2;21,1;18,2;91;85;88;178;7,6;2;
2024/01/17;1400 UTC;14,8;909,9;910;909,1;92,1;18;17,5;20,2;17,9;18,2;17,5;97;88;97;161;9,4;2,8;
2024/01/17;1500 UTC;7,6;909,9;911,2;909,6;196,8;18,1;17,7;18,2;17,7;17,8;17,3;97;97;97;168;5,3;2,1;
2024/01/17;1600 UTC;,6;908,4;910;908,4;792,8;19;18,6;19,4;18,1;18,9;17,6;97;97;97;128;3,8;1,8;
2024/01/17;1700 UTC;0;908,3;908,6;908,1;879,4;19,3;18,8;19,4;18,7;18,9;18,3;97;97;97;131;4,2;1,3;
2024/01/17;1800 UTC;,2;907,4;908,3;907,4;801,8;19,9;19,4;19,9;18,8;19,4;18,4;97;97;97;137;3,4;1;
2024/01/17;1900 UTC;0;907,2;907,7;907,2;671,4;20,2;19,7;20,2;19,7;19,7;19,3;97;97;97;141;2,8;,7;
2024/01/17;2000 UTC;0;905,7;907,3;905,7;616;20,2;19,1;20,4;20;19,9;19,1;97;93;94;106;3,3;1,7;
2024/01/17;2100 UTC;0;905,6;905,8;905,5;805,6;21,4;20;21,7;20,1;20,5;19,1;95;91;91;74;4;1,9;
2024/01/17;2200 UTC;0;906,3;906,3;905,6;463,9;20,7;19,4;22,2;20,7;20,7;19,4;92;89;92;77;3,6;,6;
2024/01/17;2300 UTC;0;906,5;906,6;906,1;49,9;20;19,1;20,9;19,9;19,7;18,9;95;92;95;70;3,4;1,1;
2024/01/18;0000 UTC;0;906,2;906,6;906,2;;21,2;17,8;21,3;20;19,3;17,7;95;80;81;24;6,1;3,3;
2024/01/18;0100 UTC;0;906;906,2;906;;21;18,7;21,2;20,8;18,7;17,8;87;81;87;8;6,6;3,3;
2024/01/18;0200 UTC;0;906,5;906,7;906;;21,1;19,2;21,2;20,9;19,2;18,6;89;86;89;352;7,1;4,4;
2024/01/18;0300 UTC;0;906;906,6;905,9;;21;19,3;21,3;20,9;19,3;19,2;90;89;90;1;8,4;4;
2024/01/18;0400 UTC;0;905,4;906;905,4;;20,6;18,8;21;20,6;19,2;18,8;90;89;90;359;8,6;3,8;
2024/01/18;0500 UTC;0;905;905,4;905;;20,5;18,6;20,8;20,5;18,9;18,5;90;88;89;358;8;4,5;
2024/01/18;0600 UTC;0;904,8;905;904,8;;20,3;18,6;20,6;20,2;18,6;18,5;90;88;90;355;9,7;3;
2024/01/18;0700 UTC;0;904,6;904,8;904,4;;20,3;18,6;20,5;20,1;18,7;18,5;91;89;90;347;8,3;4,9;
2024/01/18;0800 UTC;0;904,6;904,6;904,4;;21;18,9;21;20,3;19;18,6;90;88;88;344;8,8;5,5;
2024/01/18;0900 UTC;0;905,1;905,1;904,6;;20,8;19;21,1;20,7;19,1;18,9;90;88;89;342;10;5,2;
2024/01/18;1000 UTC;0;905,7;905,7;905;267,7;21,1;19,4;21,1;20,7;19,4;19;90;89;90;337;9,3;4,2;
2024/01/18;1100 UTC;0;906;906,1;905,7;1055,4;22,7;20,4;22,7;21,1;20,4;19,4;90;86;87;341;9,3;4,6;
2024/01/18;1200 UTC;0;906,5;906,5;906;1425,5;23,6;21;23,7;22;21,1;20;89;85;85;337;9,3;4,2;
2024/01/18;1300 UTC;0;906,7;906,8;906,3;1707,9;24,3;21,6;24,5;23;21,8;20,6;88;83;85;332;9,8;5,4;
2024/01/18;1400 UTC;0;906,8;906,8;906,6;1983,5;24,4;21,5;25,1;23,9;22,3;21,1;86;82;84;324;10,3;5;
2024/01/18;1500 UTC;0;906,2;906,8;906,1;1815,7;25,6;21,8;26,4;23,9;23,1;21,3;86;79;80;319;10,2;5,3;
2024/01/18;1600 UTC;0;905,9;906,2;905,7;2662,2;25,9;21,6;27,4;24,8;23,2;21,3;84;73;77;299;13,1;6,2;
2024/01/18;1700 UTC;0;904,6;905,9;904,6;2453,8;27,1;22,2;28,1;25,6;23,5;21,3;81;70;75;314;13,1;5,8;
2024/01/18;1800 UTC;0;904;904,6;903,9;2285,3;27,5;21,7;29,2;26,9;23,6;21,3;75;68;71;312;11,2;5,3;
2024/01/18;1900 UTC;,4;903,5;904;903,3;1522,3;26,8;23;28,5;25,5;23;21,3;83;67;80;294;11,1;4,5;
2024/01/18;2000 UTC;1,8;903,6;903,6;903;1412,1;24,3;22,2;28,1;24,1;23,2;21,5;88;70;88;306;11,6;4,4;
2024/01/18;2100 UTC;0;904,7;904,7;903,4;81,2;24,5;22,1;24,8;24,3;22,5;22,1;89;86;87;281;9,1;4,4;
2024/01/18;2200 UTC;0;905,2;905,2;904,4;23,3;24;20,7;24,5;23,6;22,1;20,7;87;82;82;288;8,2;1;
2024/01/18;2300 UTC;,4;905,2;905,6;905,1;11,4;21,6;20,8;24,3;21,6;21,5;20,4;95;79;95;198;4,8;,8;
2024/01/19;0000 UTC;0;906,1;906,2;905,1;,1;21,4;20,8;21,6;21,3;20,9;20,6;96;95;96;127;2,6;0;
2024/01/19;0100 UTC;0;906,6;906,6;906,1;;21,2;20,7;21,5;21,1;20,9;20,6;97;96;97;355;3,7;2,5;
2024/01/19;0200 UTC;0;906,9;907,1;906,6;;20,7;20,1;21,3;20,7;20,7;20,1;97;96;96;354;6,8;4,5;
2024/01/19;0300 UTC;0;906,8;906,9;906,7;;20,9;20,3;20,9;20,7;20,3;20,1;97;96;97;339;7,5;4,4;
2024/01/19;0400 UTC;0;906;906,8;906;;20,6;20,1;20,8;20,6;20,3;20,1;97;97;97;334;7,9;4,4;
2024/01/19;0500 UTC;0;905,4;906;905,3;;20,5;20;20,6;20,4;20,1;19,9;97;97;97;332;8;4,5;
2024/01/19;0600 UTC;0;905,4;905,4;905,3;;20,2;19,7;20,5;20,2;20;19,7;97;97;97;338;8,5;3,9;
2024/01/19;0700 UTC;,2;905,4;905,4;905,3;;20,1;19,6;20,2;20,1;19,7;19,6;97;97;97;332;6,7;3,9;
2024/01/19;0800 UTC;0;905,5;905,5;905,4;;20,2;19,8;20,2;20,1;19,8;19,6;97;97;97;330;7,4;4,2;
2024/01/19;0900 UTC;0;905,9;905,9;905,5;2;20,2;19,8;20,5;20,1;20;19,7;97;97;97;330;7,6;4,6;
2024/01/19;1000 UTC;0;906,2;906,3;905,8;149,1;21;20,5;21,2;20,2;20,7;19,7;97;97;97;321;7,5;5;
2024/01/19;1100 UTC;0;906,5;906,5;906,2;763,6;21,8;21,3;21,8;20,8;21,3;20,3;97;97;97;324;6,9;3,5;
2024/01/19;1200 UTC;0;906,5;906,7;906,4;1459,9;24,5;22,1;24,6;21,8;22,6;21,4;97;87;87;323;5,4;3,2;
2024/01/19;1300 UTC;0;906,8;906,8;906,4;2420,8;26,5;22,9;26,5;24;23,2;21,1;87;79;80;307;5,8;3,2;
2024/01/19;1400 UTC;0;906,7;907;906,6;2261,8;25,9;22,8;26,8;24,1;23,6;21,3;90;78;83;320;9,8;5,6;
2024/01/19;1500 UTC;0;906,5;907;906,3;2221;23,6;20,7;26;23,6;23;20,7;85;80;84;301;12,9;5,1;
2024/01/19;1600 UTC;,2;906,1;906,6;905,8;1845,2;27,5;23,2;27,5;23;23,3;20,7;88;76;78;277;10;4;
2024/01/19;1700 UTC;0;905,3;906,3;905,3;2513,4;27,6;21,8;27,9;26,7;23,5;21,5;78;71;71;261;7,1;3,5;
2024/01/19;1800 UTC;0;904,5;905,3;904,4;2450,7;28;21,8;28,5;26,8;22,6;21,1;73;67;69;260;8,7;3,7;
2024/01/19;1900 UTC;0;903,8;904,5;903,7;1769,8;27,4;21,7;28,5;27;22,6;21;73;68;71;248;6,5;2,3;
2024/01/19;2000 UTC;0;903,3;903,8;903,3;1902,8;27,4;21,5;28,1;27,3;22,3;21,1;72;67;70;263;6,8;3;
2024/01/19;2100 UTC;,8;904,2;904,6;903,3;503;21,3;19,7;27,4;21,3;21,6;19,6;91;68;91;206;14,6;2,8;
2024/01/19;2200 UTC;,8;903,9;904,2;903,6;186,1;21,6;19,6;21,6;20,6;19,6;18,9;91;88;88;256;9;3;
2024/01/19;2300 UTC;0;904,9;904,9;903,8;21,9;22;20,1;22,1;21,6;20,1;19,5;89;87;89;269;6,1;1,6;
2024/01/20;0000 UTC;0;905,6;905,6;904,9;;23;20,8;23,3;21,9;21,2;20;89;86;87;245;3,9;1,8;
2024/01/20;0100 UTC;0;905,4;905,8;905,4;;22,7;21,2;23,5;22,6;21,4;20,8;91;87;91;181;4;2,4;
2024/01/20;0200 UTC;0;905;905,4;905;;22,5;20,8;22,8;22,5;21,3;20,7;91;89;91;213;5;3,2;
2024/01/20;0300 UTC;0;904,8;905,1;904,7;;22,1;20,5;22,6;22,1;21;20,5;92;90;91;228;4,3;2,7;
2024/01/20;0400 UTC;0;904;904,8;904;;22,1;20;22,3;22;20,6;19,9;91;87;88;198;5,1;2,5;
2024/01/20;0500 UTC;0;904,1;904,1;904;;22;18,8;22,3;21,8;20;18,8;88;82;82;214;3,8;2,3;
2024/01/20;0600 UTC;0;904,1;904,1;903,8;;21,6;19,2;22;21,6;19,2;18,8;86;82;86;238;3;2,1;
2024/01/20;0700 UTC;0;904;904,2;904;;21,6;19,4;21,7;21,4;19,5;19,1;88;86;87;237;2,7;1,9;
2024/01/20;0800 UTC;0;904,2;904,2;904;;21,6;19,6;21,8;21,5;19,6;19,3;88;87;88;210;2,6;1,5;
2024/01/20;0900 UTC;0;904,6;904,6;904,2;;21,6;19,8;21,7;21,2;19,8;19,5;91;88;90;218;2,7;1,3;
2024/01/20;1000 UTC;0;904,8;904,8;904,6;53,7;21,8;20,2;21,8;21,5;20,2;19,6;91;88;91;216;1,8;,4;
2024/01/20;1100 UTC;0;904,8;904,9;904,7;586,1;23,3;20,7;23,3;21,8;20,7;19,9;91;83;85;163;1,5;,3;
2024/01/20;1200 UTC;0;904,8;904,9;904,6;1890,7;24,2;20,4;26;23,3;22;20;85;73;80;155;3,3;1,2;
2024/01/20;1300 UTC;0;905;905,2;904,8;2144,5;25,5;21,7;27;24,2;22,1;19,9;82;70;79;148;4,3;1,5;
2024/01/20;1400 UTC;0;905,1;905,5;905;2491,1;25,9;19,6;26,8;24,1;22;19,6;83;68;68;206;4,5;1,8;
2024/01/20;1500 UTC;0;904,7;905,1;904,6;3893;27,1;20,2;27,5;25,9;21,4;18,9;73;61;66;186;6;2,5;
2024/01/20;1600 UTC;0;904,6;904,8;904,5;3828,2;26,8;20,1;28,2;26,2;22,6;19;72;62;67;185;6,3;2,7;
2024/01/20;1700 UTC;0;904;904,6;904;2924,5;27,7;20,9;28;25,4;22,4;18,5;76;59;67;175;7,5;3,3;
2024/01/20;1800 UTC;0;904;904,1;903,8;3577,6;28;19,3;28,6;26,9;22;18,2;69;56;59;196;7,1;3,6;
2024/01/20;1900 UTC;0;903,7;904;903,7;3053,5;28,7;19,7;28,7;27,3;19,9;17;60;53;58;192;7,8;2,7;
2024/01/20;2000 UTC;0;903,4;903,8;903,3;1726,2;25,6;18,5;28,9;25,6;20;17,6;65;55;65;173;7,9;2,9;
2024/01/20;2100 UTC;0;903,6;903,6;903,4;1422,8;25,6;19;27,2;25,5;20,1;18,6;67;62;67;172;7,9;3;
2024/01/20;2200 UTC;0;903,8;903,9;903,6;533,5;24,1;19,2;25,6;24,1;19,6;18,8;74;67;74;173;6,1;2,3;
2024/01/20;2300 UTC;0;904,4;904,4;903,8;35,6;22,5;19,4;24,1;22,4;19,4;18,9;83;74;83;171;6,5;2,3;
2024/01/21;0000 UTC;0;904,8;904,8;904,3;;22,1;19,4;22,6;22;19,5;19,3;85;83;85;162;5,7;2,7;
2024/01/21;0100 UTC;0;905,5;905,5;904,8;;21,6;19,2;22,1;21,5;19,4;19,1;86;84;86;166;5,9;2,5;
2024/01/21;0200 UTC;0;905,8;905,9;905,5;;21;19,1;21,6;21;19,3;19,1;89;86;89;165;5,2;2,5;
2024/01/21;0300 UTC;0;905,9;906;905,8;;20,4;19,1;21;20,3;19,3;18,9;92;89;92;139;4,8;1,6;
2024/01/21;0400 UTC;0;905,8;905,9;905,8;;19,8;18,8;20,4;19,8;19,1;18,8;94;92;94;129;5;1,6;
2024/01/21;0500 UTC;0;905,6;905,8;905,6;;19,3;18,3;19,8;19,3;18,8;18,3;94;94;94;124;3,8;1,4;
2024/01/21;0600 UTC;0;905,3;905,6;905,3;;18,9;18,1;19,3;18,9;18,4;18,1;95;94;95;123;3,4;1,4;
2024/01/21;0700 UTC;0;905,4;905,5;905,2;;18,5;17,8;18,9;18,4;18,1;17,7;96;95;96;116;2,7;1,2;
2024/01/21;0800 UTC;0;905,8;905,8;905,3;;18,4;17,8;18,6;18,4;18;17,8;96;96;96;112;2,7;1;
2024/01/21;0900 UTC;0;906,6;906,6;905,8;;18,2;17,7;18,4;18,1;17,8;17,6;97;96;97;119;2,4;1;
2024/01/21;1000 UTC;0;906,8;906,9;906,6;212,8;19,2;18,5;19,2;18,2;18,5;17,7;97;96;96;70;2,5;1,5;
2024/01/21;1100 UTC;0;907,3;907,4;906,8;929,1;21,6;18,9;21,6;19,2;19,3;18,3;96;85;85;75;2,7;,6;
2024/01/21;1200 UTC;0;907,9;907,9;907,3;1754,3;22,6;19,1;22,8;21;19,3;18;86;78;81;46;2,8;,3;
2024/01/21;1300 UTC;0;908,1;908,1;907,9;2356,8;24;19,6;24,6;22,5;20,3;18,4;83;72;76;298;3;,6;
2024/01/21;1400 UTC;0;907,7;908,1;907,7;3451,8;26,4;20,1;27;24;21,3;18,7;79;65;68;72;4,7;1,3;
2024/01/21;1500 UTC;0;907,5;907,7;907,4;3340,1;26,6;18;27,6;24,9;20,7;17,4;71;57;59;98;4,2;1,1;
2024/01/21;1600 UTC;0;907,2;907,5;907,2;2728,2;27,6;19,7;28;25,8;21,2;16,9;70;56;62;128;3,3;1,5;
2024/01/21;1700 UTC;0;906,7;907,2;906,7;3801,1;28,4;19,5;28,6;26,7;21,2;17,5;66;54;59;137;4,1;1,2;
2024/01/21;1800 UTC;0;906,5;906,7;906,5;2727,5;27,5;18,8;28,5;26;20,1;17,5;66;54;59;153;4,3;1,5;
2024/01/21;1900 UTC;0;905,8;906,5;905,8;2481,8;26,3;18,2;28,6;26,3;20,1;17,7;66;56;61;160;4,6;2;
2024/01/21;2000 UTC;0;905,3;905,9;905,3;1759,9;24,7;17,3;27,7;24,7;18,8;16,9;64;55;63;138;7,1;2,4;
2024/01/21;2100 UTC;0;905,6;905,6;905,2;934;23,8;17,4;26,1;23,6;18,9;16,8;68;59;67;148;6,4;1,6;
2024/01/21;2200 UTC;0;906,1;906,1;905,6;373,9;22,6;17,3;24,5;22,4;17,9;17,1;72;65;72;153;4,6;1,4;
2024/01/21;2300 UTC;0;906,6;906,6;905,7;34,4;21,5;16,6;22,9;21,4;17,5;16,6;76;71;74;146;3,4;1,2;
2024/01/22;0000 UTC;0;907,5;907,6;906,7;;22,1;16,1;22,2;21,5;16,6;15,9;74;68;69;156;2,8;1,7;
2024/01/22;0100 UTC;0;907,8;907,8;907,4;;21,6;15,9;22,1;21,4;16,3;15,9;73;69;70;122;3,3;1,3;
2024/01/22;0200 UTC;,6;908,3;908,3;907,7;;20,2;16,7;21,7;20,1;16,7;15,9;80;70;80;223;3,8;1,3;
2024/01/22;0300 UTC;1,2;908;908,3;907,9;;18,5;16,8;20,2;18,5;17,2;16,2;90;78;90;146;3,5;1,9;
2024/01/22;0400 UTC;0;907,6;908,3;906,9;;18,8;17,2;18,9;18,4;17,3;16,8;92;90;90;104;4,8;1,9;
2024/01/22;0500 UTC;0;907;907,7;907;;18,3;17,2;19,1;18,3;17,5;17,1;93;90;93;77;4,5;1,4;
2024/01/22;0600 UTC;0;906,8;907;906,5;;19;17,6;19;18,3;17,8;17,2;94;91;91;65;6,1;2,1;
2024/01/22;0700 UTC;0;906,8;906,9;906,7;;18,9;17,5;19,2;18,9;17,6;17,4;92;90;92;157;6,7;,5;
2024/01/22;0800 UTC;0;906,7;906,9;906,5;;18,5;16,8;18,9;18,5;17,5;16,8;92;89;89;52;6,6;3,3;
2024/01/22;0900 UTC;0;907,4;907,4;906,7;;17,8;16,3;18,6;17,7;16,8;16,3;93;89;91;59;7,8;2,9;
2024/01/22;1000 UTC;0;908,1;908,1;907,4;72,9;17,7;15,8;17,8;17,6;16,2;15,8;91;88;89;46;7,1;2,9;
2024/01/22;1100 UTC;0;908,7;908,9;908,1;365,8;18;15,8;18,1;17,7;16;15,7;89;87;87;57;7,3;3,3;
2024/01/22;1200 UTC;0;909;909;908,7;1506,9;21,1;17;21,1;18;17;15,8;87;76;77;36;7,3;1,6;
2024/01/22;1300 UTC;0;908,9;909;908,9;2576,4;22,2;17;22,7;20,2;17,7;15,8;79;70;72;47;6,3;2,2;
2024/01/22;1400 UTC;0;909;909,1;908,9;1960,4;23;17,2;23,5;21,3;18,9;16,4;76;70;70;64;5,7;1,4;
2024/01/22;1500 UTC;0;908,7;908,9;908,6;1500,1;22,7;17,4;23;20,9;18,4;16,3;80;69;72;78;5,1;2,3;
2024/01/22;1600 UTC;,4;908,4;908,8;908,4;505,8;19,5;17,4;22,7;19,3;17,4;16,8;88;72;88;78;5,1;1,4;
2024/01/22;1700 UTC;1;908,4;908,6;908,3;435,3;18,7;17,7;19,5;18,7;18;17,3;94;88;94;86;4,4;1,3;
2024/01/22;1800 UTC;0;908,1;908,5;907,8;281,6;18,2;17,3;18,8;18,2;18;17,3;95;94;94;84;5,1;2,7;
2024/01/22;1900 UTC;1,6;907,7;908,1;907,5;163,8;17,8;17;18,2;17,8;17,4;16,9;95;94;95;92;5,3;,7;
2024/01/22;2000 UTC;3,8;907,8;907,9;907,2;190,8;17,6;17;17,9;17,6;17,3;16,8;97;95;96;71;5,5;1,7;
2024/01/22;2100 UTC;2;906,8;907,8;906,7;133,8;17,2;16,6;17,6;17,2;17;16,5;96;96;96;70;7,6;2,1;
2024/01/22;2200 UTC;0;907,8;907,8;906,8;178,2;17;16,4;17,3;17;16,7;16,4;96;96;96;53;7,1;2,6;
2024/01/22;2300 UTC;0;908,2;908,2;907,7;26,7;16,5;15,9;17;16,5;16,4;15,9;96;95;96;91;6,8;1,9;
2024/01/23;0000 UTC;0;908,1;908,5;908;;16,2;15,7;16,5;16,2;15,9;15,6;97;96;97;89;5,9;2,5;
2024/01/23;0100 UTC;0;908,8;908,8;908;;16,5;15,9;16,5;16,2;15,9;15,7;97;96;96;87;5,8;2,5;
2024/01/23;0200 UTC;0;908,4;908,8;908,4;;16,3;15,5;16,6;16,3;15,9;15,4;96;95;95;87;6,7;3,4;
2024/01/23;0300 UTC;0;908,1;908,6;908;;16,1;14,9;16,3;16;15,4;14,8;95;92;92;85;7;3,1;
2024/01/23;0400 UTC;0;907,6;908,1;907,6;;15,6;14,5;16,2;15,6;14,8;14,5;93;92;93;87;6,6;2,8;
2024/01/23;0500 UTC;,2;907,1;907,6;907,1;;15,3;14,2;15,8;15,3;14,6;14,2;94;92;93;89;5,9;2,8;
2024/01/23;0600 UTC;0;906,7;907,1;906,7;;14,8;13,9;15,4;14,8;14,2;13,9;94;92;94;89;5,6;1,8;
2024/01/23;0700 UTC;0;906,5;906,7;906,5;;14,8;13,6;14,9;14,7;14;13,6;95;93;93;103;5,2;2,7;
2024/01/23;0800 UTC;0;906,8;906,8;906,5;;14,5;13,5;14,8;14,4;13,7;13,4;94;93;94;112;5,2;1,8;
2024/01/23;0900 UTC;0;907,6;907,6;906,8;;14,4;13,6;14,6;14,2;13,8;13,4;95;94;95;128;3,7;1,5;
2024/01/23;1000 UTC;0;908,3;908,3;907,6;224,9;16,4;14,8;16,4;14,4;14,9;13,6;96;90;90;113;4,6;1,9;
2024/01/23;1100 UTC;0;908,8;908,8;908,3;1029,9;18,4;15;18,4;16,4;15,4;14,5;90;79;81;98;3,9;1,8;
2024/01/23;1200 UTC;0;909,1;909,2;908,8;1419,2;19,2;15,6;19,2;18,2;16;14,6;84;78;80;100;3,7;1,8;
2024/01/23;1300 UTC;0;909,4;909,4;909,1;2127,2;21,9;17,9;21,9;18,7;17,9;15;84;73;78;106;5,1;2,2;
2024/01/23;1400 UTC;0;909,2;909,5;909,2;2281,6;21,6;16,8;22,3;19,8;17,8;14,8;79;69;74;99;6;2,5;
2024/01/23;1500 UTC;0;908,9;909,2;908,9;2332,3;21,4;15,8;22,9;20,5;17,3;15,4;76;65;70;81;6,7;2,7;
2024/01/23;1600 UTC;0;908,4;908,9;908,4;3417,7;23;16,4;23,6;20,9;17,3;15,2;73;62;67;95;7;2,7;
2024/01/23;1700 UTC;0;907,9;908,4;907,9;3237,9;23,9;16,6;24,4;22,2;17,8;15;71;58;64;92;7;1,8;
2024/01/23;1800 UTC;0;907,1;907,9;907,1;1518,6;21,9;16,9;24,1;21,9;18,2;15,1;73;60;73;111;5,4;1,9;
2024/01/23;1900 UTC;0;906,6;907,1;906,2;1420,1;19,2;15,3;22,8;19,2;17,9;15,3;78;71;78;117;7,9;3,4;
2024/01/23;2000 UTC;5,8;907;907,3;906,4;98,4;16,9;15,9;19,2;16,9;16;15,1;94;78;94;257;7,3;1,9;
2024/01/23;2100 UTC;4,4;905,7;907;905,6;601,7;17,5;16,7;17,7;16,8;17;15,9;96;94;95;104;5,1;2,8;
2024/01/23;2200 UTC;0;906,4;906,4;905,7;336,6;17,4;16,7;18,1;17,3;17;16,4;96;92;96;111;5,2;2;
2024/01/23;2300 UTC;0;906,5;906,7;906,4;11,6;17,3;16,5;17,6;17,3;17;16,5;96;95;95;104;5,5;2,8;
2024/01/24;0000 UTC;0;907,3;907,3;906,3;;16,4;15,3;17,3;16,4;16,5;15,3;95;92;93;112;8,7;2,9;
2024/01/24;0100 UTC;,2;908;908;907,3;;15,6;14,4;16,4;15,6;15,3;14,4;93;91;93;120;6,3;2,6;
2024/01/24;0200 UTC;,4;907,6;908,5;907,4;;15,6;14,4;15,6;15,2;14,7;14,4;96;92;92;50;6,8;3,7;
2024/01/24;0300 UTC;0;907,5;908,2;907,4;;15;14,3;15,6;15;14,5;14,2;96;92;95;82;6,8;2,9;
2024/01/24;0400 UTC;0;906,9;907,6;906,9;;14,6;13,8;15,1;14,6;14,3;13,8;96;95;95;91;5,8;2,4;
2024/01/24;0500 UTC;0;906,4;906,9;906,2;;14,4;13,5;14,6;14,4;13,8;13,4;95;94;94;123;5,1;,7;
2024/01/24;0600 UTC;0;905,9;906,3;905,8;;14,5;13,1;14,7;14,3;13,4;13;94;90;91;66;5,3;1,8;
2024/01/24;0700 UTC;0;905,9;906;905,7;;14,6;12,7;14,8;14,3;13,2;12,7;92;88;88;46;5,8;3,1;
2024/01/24;0800 UTC;0;906,2;906,2;905,9;;13,8;12,6;14,6;13,8;12,8;12,4;92;88;92;74;5,8;1,1;
2024/01/24;0900 UTC;0;906,6;906,6;906,2;;13,2;12,2;13,8;13,2;12,8;12,2;94;92;94;50;3,8;,3;
2024/01/24;1000 UTC;0;907,4;907,4;906,6;319,5;16,2;13,2;16,5;13,2;13,9;12,3;94;82;82;80;2,8;1,6;
2024/01/24;1100 UTC;0;907,9;907,9;907,4;813,3;16,4;13,9;17,5;15,8;14,4;13,2;87;80;85;90;3,3;1,2;
2024/01/24;1200 UTC;0;908,2;908,2;907,9;1611,1;18,3;15,1;19;16,2;15,7;13,7;88;76;82;85;3,6;1,2;
2024/01/24;1300 UTC;0;908,5;908,5;908,2;1700;20;16,1;20;18,3;16,4;14,4;84;77;78;99;4,7;1,1;
2024/01/24;1400 UTC;0;908,4;908,5;908,4;2904,6;21,8;16,7;21,8;19,3;17,2;15;80;69;73;89;4;1,4;
2024/01/24;1500 UTC;0;908,2;908,4;908,2;2351,4;20,4;15,9;23,4;20,4;18;15;77;64;75;129;3,6;,7;
2024/01/24;1600 UTC;3,6;907,7;908,2;907,7;1312,1;20,2;17,3;20,6;19,1;17,3;15,1;83;74;83;181;3,5;1,3;
2024/01/24;1700 UTC;1,2;907,5;907,7;907,4;1091,1;17,8;16,2;20,8;17,8;17,8;16,2;91;79;90;104;4,2;1,6;
2024/01/24;1800 UTC;19,8;907,4;907,6;907,2;577,3;14,2;13,7;17,8;14;16,7;13,4;97;90;97;124;9,7;2,5;
2024/01/24;1900 UTC;6;906,9;907,4;906,9;173,2;14,5;14,1;14,5;14;14,1;13,5;98;97;98;106;5,2;1,9;
2024/01/24;2000 UTC;,2;905,9;906,9;905,9;322,8;16;15,6;16;14,5;15,6;14,2;98;98;98;104;4,6;2,1;
2024/01/24;2100 UTC;0;906,1;906,3;905,9;1203,1;17,9;16,3;19,2;16;18,2;15,7;98;89;91;84;6,3;2,3;
2024/01/24;2200 UTC;0;906,6;906,6;906,1;658,3;17,1;15,7;18,4;17,1;16,6;15,6;91;86;91;93;4,9;2,5;
2024/01/24;2300 UTC;0;907,3;907,4;906,6;14,9;16,6;15,1;17,1;16,5;15,6;15,1;93;90;91;112;6,4;2,8;
2024/01/25;0000 UTC;0;907,2;907,5;907,2;;16,1;14,4;17,1;16;15,3;14,3;91;87;90;75;6,6;2;
2024/01/25;0100 UTC;0;908;908;907,2;;15,9;14;16,1;15,5;14,4;14;91;88;88;94;5,5;2,4;
2024/01/25;0200 UTC;0;907,5;908;907,5;;14,9;13,5;15,9;14,9;14;13,5;91;88;91;98;6,5;3,1;
2024/01/25;0300 UTC;0;906,9;907,5;906,9;;13,8;12,5;15;13,8;13,5;12,5;93;91;92;76;6,7;2,2;
2024/01/25;0400 UTC;0;906,3;906,9;906,3;;13,6;11,5;14,2;13,6;12,4;11,3;92;84;87;91;5,5;1,4;
2024/01/25;0500 UTC;0;906;906,3;905,9;;13,1;11,3;13,9;13,1;11,6;11,1;89;84;89;80;6,2;1,7;
2024/01/25;0600 UTC;0;905,9;906;905,7;;13,2;11,1;13,2;12,2;11,4;10,8;92;87;87;41;4,3;2,7;
2024/01/25;0700 UTC;0;906,1;906,1;905,9;;12,6;11,2;13,3;12,6;11,3;11;91;87;91;86;5,2;1;
2024/01/25;0800 UTC;0;906,5;906,5;906,1;;11,9;11,2;12,6;11,7;11,3;10,8;95;91;95;129;4;1;
2024/01/25;0900 UTC;0;907,1;907,1;906,5;;12;11,4;12,2;11,9;11,5;11,2;96;95;96;132;3,8;1,6;
2024/01/25;1000 UTC;0;907,8;907,8;907,1;190,3;13,3;12,4;13,4;11,9;12,6;11,3;97;93;94;122;3,9;1,7;
2024/01/25;1100 UTC;0;908,1;908,2;907,8;1016,2;16,7;13,4;16,7;13,3;13,7;12,3;94;81;81;119;4,4;1,4;
2024/01/25;1200 UTC;0;908,4;908,4;908,1;1886,4;17,3;13,7;17,5;16,2;13,8;12,5;83;76;80;102;5,2;2,2;
2024/01/25;1300 UTC;0;908,4;908,4;908,3;2652,5;19,9;13,7;20,1;17,3;15,2;13,3;81;67;68;49;4,7;,6;
2024/01/25;1400 UTC;0;908,3;908,5;908,3;3224,9;21,3;14,7;21,9;19,6;15,9;13,6;75;63;66;93;4;,8;
2024/01/25;1500 UTC;0;908;908,3;908;3881,5;23,7;16;23,7;20,9;16,2;13,4;68;57;62;154;4,1;1,4;
2024/01/25;1600 UTC;0;907,7;908;907,7;3642,8;23;15,1;24,6;22,3;17,5;13,7;69;54;61;147;3,9;1,5;
2024/01/25;1700 UTC;0;907,2;907,7;907,1;3301,7;24,1;15,7;24,1;21,4;17,1;14;71;59;59;165;6;2,3;
2024/01/25;1800 UTC;0;906,8;907,2;906,8;2862,7;24,2;15,5;24,2;21,8;16,6;13,5;69;54;59;154;6,1;2,4;
2024/01/25;1900 UTC;0;907,1;907,2;906,7;1231,8;19;14,9;24,5;18,8;15,4;13,4;79;51;77;138;8,9;2,7;
2024/01/25;2000 UTC;0;907,4;907,6;907,1;997,8;19,6;15,7;19,8;18,9;16,1;14,3;80;74;79;132;6,1;2,1;
2024/01/25;2100 UTC;,2;907,6;907,6;907,3;1054,1;18,2;15,4;20;18,1;16,3;14,8;84;76;84;96;6,8;3,5;
2024/01/25;2200 UTC;0;907,5;907,6;907,3;467,5;17,5;14;18,4;17,4;15,8;13,9;86;77;80;116;7,2;3,1;
2024/01/25;2300 UTC;0;908,2;908,2;907,5;26;17,2;14,2;17,6;17;14,2;13,9;83;79;82;113;6,7;2,9;
2024/01/26;0000 UTC;0;908,6;908,6;908,2;;16,9;13,8;17,2;16,5;14,2;13,7;85;82;82;112;6,1;2,6;
2024/01/26;0100 UTC;0;909;909,1;908,6;;16,6;12,8;16,9;16,5;13,7;12,7;82;78;78;109;5,8;2,7;
2024/01/26;0200 UTC;0;909;909,1;909;;15,9;13,1;16,7;15,7;13,1;12,7;84;77;83;90;5,5;2,4;
2024/01/26;0300 UTC;0;908,9;909,1;908,9;;15,2;12,8;15,9;15,2;13;12,7;86;82;85;79;5;2,2;
2024/01/26;0400 UTC;0;908,6;908,9;908,6;;14,5;12,7;15,2;14,4;12,8;12,6;89;85;89;94;6,1;1,8;
2024/01/26;0500 UTC;0;908,1;908,6;908,1;;13,9;12,3;14,5;13,9;12,7;12,3;91;89;90;84;4,5;2,5;
2024/01/26;0600 UTC;0;908;908,1;907,9;;13,5;11,8;14;13,5;12,4;11,8;91;89;90;88;6,7;3,1;
2024/01/26;0700 UTC;0;908;908,1;907,9;;13;11,6;13,5;12,9;11,8;11,5;91;89;91;96;6,7;2,9;
2024/01/26;0800 UTC;0;908,4;908,4;908;;12,5;11,2;13;12,5;11,5;11,2;92;91;92;99;5,9;2,1;
2024/01/26;0900 UTC;0;908,8;908,8;908,4;;12,2;11,1;12,5;12,1;11,2;10,9;93;91;93;111;3,9;1,6;
2024/01/26;1000 UTC;0;909,4;909,4;908,7;230,7;14,4;11,7;14,5;12,1;12,2;11;94;83;84;105;4;1,9;
2024/01/26;1100 UTC;0;909,9;909,9;909,4;1028,1;15,6;11,6;15,8;14,4;12,4;10,7;84;75;77;99;5;2,2;
2024/01/26;1200 UTC;0;910;910,1;909,8;1914;17,6;12,5;17,8;15,4;13,7;10,8;79;70;72;97;5;1,1;
2024/01/26;1300 UTC;0;910,1;910,2;910;2685,9;19,2;12,9;19,4;17,4;14,2;11,4;75;66;67;110;4,4;1,8;
2024/01/26;1400 UTC;0;909,9;910,1;909,9;3309,3;20,8;14,6;21;18,8;15,1;12,7;73;63;68;119;5;2;
2024/01/26;1500 UTC;0;909,6;909,9;909,5;3712,2;22,6;15,4;22,7;20,7;16,1;13,9;69;61;64;121;5;1,4;
2024/01/26;1600 UTC;0;908,9;909,6;908,9;3437,4;21,9;13,7;23,6;21;16,7;12,7;68;55;60;128;5,1;2,1;
2024/01/26;1700 UTC;0;908,3;909;908,3;2800,2;21,9;13,9;23,3;21,1;17;11,9;71;53;60;62;5,1;1,3;
2024/01/26;1800 UTC;0;907,8;908,3;907,8;2263,8;18,1;13,3;24,7;18;15,6;12,3;75;49;74;164;4,9;1,9;
2024/01/26;1900 UTC;0;907,6;907,9;907,6;453,7;18,1;14,7;18,3;18;15;13,2;82;73;81;135;4,6;1,3;
2024/01/26;2000 UTC;0;907,4;907,6;907,3;571;18,3;14,9;18,6;18;15,7;14,7;84;80;81;134;4,1;1,5;
2024/01/26;2100 UTC;0;907,2;907,4;907,1;973,5;19,5;14,6;19,9;18,1;15,2;13,6;82;71;73;129;3,4;1,4;
2024/01/26;2200 UTC;0;907,5;907,5;907,2;515,8;17,8;14,2;19,9;17,8;15,2;14,1;80;72;80;140;3,2;1,2;
2024/01/26;2300 UTC;0;907,8;907,8;907,5;12,6;16,1;14,2;17,7;16,1;14,5;14,2;89;80;89;129;6,5;1,6;
2024/01/27;0000 UTC;0;908,1;908,1;907,8;;15,2;12,8;16,1;15,2;14,2;12,8;89;83;86;126;6,7;2,1;
2024/01/27;0100 UTC;0;908,6;908,6;908,1;;15,1;12,4;15,2;14,9;12,8;12,4;86;84;84;115;6,2;2,7;
2024/01/27;0200 UTC;0;908,4;908,6;908,4;;15;12,6;15,3;14,8;12,7;12,4;86;84;86;104;6,2;3;
2024/01/27;0300 UTC;0;907,9;908,4;907,9;;14,4;12,4;15;14,4;12,7;12,4;88;86;88;82;5,4;1,8;
2024/01/27;0400 UTC;0;907,6;908;907,6;;14,2;12,3;14,6;14,1;12,5;12,3;89;87;89;87;4,8;2,4;
2024/01/27;0500 UTC;0;907,5;907,6;907,4;;13,7;12;14,4;13,7;12,3;11,9;89;86;89;83;6,7;1,7;
2024/01/27;0600 UTC;0;907,3;907,5;907,3;;13,4;11,9;13,9;13,4;12,1;11,9;90;89;90;82;4,9;2;
2024/01/27;0700 UTC;0;907;907,3;907;;13,5;12;13,6;13,2;12,1;11,8;92;90;91;78;5,4;2,4;
2024/01/27;0800 UTC;0;907,1;907,2;907;;13,4;12;13,6;13,2;12,1;11,6;92;90;91;74;5,4;1,6;
2024/01/27;0900 UTC;0;907,1;907,2;907;;13,1;11,7;13,8;13;12,1;11,6;91;89;91;98;5,6;,3;
2024/01/27;1000 UTC;0;907,8;907,8;907,1;222,2;15,6;12,9;15,6;13,1;12,9;11,7;92;84;84;90;2,8;,9;
2024/01/27;1100 UTC;0;908,1;908,1;907,8;987,7;16,7;13;17,1;15,6;13,4;12,5;84;76;79;68;4,1;1,8;
2024/01/27;1200 UTC;0;908,3;908,3;908,1;1873;17,9;13,3;18,8;16,6;14,6;12,4;80;70;74;78;7,8;2,4;
2024/01/27;1300 UTC;0;908,5;908,6;908,3;2639,1;20,3;14,7;20,5;17,9;15,4;13,4;77;66;70;64;7,8;1,6;
2024/01/27;1400 UTC;0;908,5;908,6;908,4;3113,9;21,3;14,4;22;19,9;16,1;13,3;74;61;65;30;4,8;1,8;
2024/01/27;1500 UTC;0;908;908,5;908;2821,4;21,6;13,1;22,5;20,5;15,5;12,5;67;57;59;83;4,8;,2;
2024/01/27;1600 UTC;0;907,4;908;907,4;2830;23,2;14,2;24,4;21,1;16,7;12,6;66;53;57;308;3,6;1,2;
2024/01/27;1700 UTC;0;906,5;907,4;906,5;2438,3;24,4;14,8;24,6;21,4;16,4;12,5;62;50;55;276;4,2;1,3;
2024/01/27;1800 UTC;1;906,1;906,6;906,1;1452,1;18;15,3;24,5;18;15,4;12,4;84;49;84;127;5,6;1,6;
2024/01/27;1900 UTC;16,4;906,3;906,9;906,1;109,8;16;15,4;18;15,9;15,5;15,2;96;84;96;158;5,6;2;
2024/01/27;2000 UTC;1;906,5;906,5;906,1;229,4;16,2;15,8;16,4;16;15,9;15,4;97;96;97;126;4;1,5;
2024/01/27;2100 UTC;,8;906,4;906,6;906,2;204,7;15,8;14,9;16,5;15,7;16;14,9;97;95;95;75;6,6;2,3;
2024/01/27;2200 UTC;0;906;906,4;905,8;108,7;16,3;11,9;16,3;14,8;14,9;11,8;95;75;75;33;4,6;1,1;
2024/01/27;2300 UTC;0;906,8;906,8;906;33,5;16,1;11,5;16,8;15,7;12,8;11;82;69;74;167;2,4;,2;
2024/01/28;0000 UTC;0;907,4;907,4;906,8;;15;14;16,6;14,5;14;10,6;93;68;93;103;3,9;1,8;
2024/01/28;0100 UTC;0;907,7;907,7;907,2;;15,5;13,6;15,8;14,7;14,2;13,6;95;88;88;105;3,9;1,8;
2024/01/28;0200 UTC;0;907,3;907,7;907,3;;14,9;12,9;16;14,9;13,6;12,6;90;82;88;26;3,4;0;
2024/01/28;0300 UTC;0;907,2;907,4;907,2;;14,2;13,4;14,9;14;13,8;12,8;95;88;95;64;4,1;,9;
2024/01/28;0400 UTC;0;906,6;907,2;906,6;;14,3;12,3;14,3;13,6;13,5;12,1;95;88;88;56;3,3;1,3;
2024/01/28;0500 UTC;0;906,1;906,6;906,1;;15,5;11,1;15,9;14;12,2;10,9;88;73;75;2;5,2;3,2;
2024/01/28;0600 UTC;0;905,9;906,1;905,9;;15,4;11,3;15,6;15,2;11,4;11,1;77;75;76;39;5,3;3;
2024/01/28;0700 UTC;0;906;906;905,9;;15,1;12,2;15,7;15,1;12,2;11,2;83;76;83;43;6,4;3,2;
2024/01/28;0800 UTC;0;906,2;906,2;906;;15,1;12,7;15,4;14,9;12,8;12,2;85;83;85;23;6,6;3;
2024/01/28;0900 UTC;0;906,4;906,4;906,2;;15,4;13,2;15,4;15,1;13,2;12,7;87;85;87;22;6,6;3;
2024/01/28;1000 UTC;0;906,8;906,8;906,4;217,1;16,3;13,6;16,3;15,3;13,6;13,1;87;84;84;25;7;2,9;
2024/01/28;1100 UTC;0;907,4;907,4;906,8;934,6;17,6;14,5;17,7;15,9;14,7;13,4;85;82;82;2;7,7;2,2;
2024/01/28;1200 UTC;0;907,9;907,9;907,4;1828,8;19,1;15,3;19,2;17,5;15,6;14,4;83;78;79;358;7,1;3,7;
2024/01/28;1300 UTC;0;908,1;908,1;907,8;2605,1;20,6;15,5;21;19,1;16,7;15,1;79;72;73;350;7,2;3,4;
2024/01/28;1400 UTC;0;908;908,1;908;3245,1;22,1;15,7;22,5;20,5;17,4;15,4;75;67;67;335;8,3;4;
2024/01/28;1500 UTC;0;907,6;908;907,6;3482,5;23,9;14,9;24,7;21,9;18,2;14,9;70;57;57;306;7,7;4;
2024/01/28;1600 UTC;0;906,8;907,6;906,8;3895;24,8;15,1;24,9;23,4;16,4;13;61;51;55;312;7,3;3,4;
2024/01/28;1700 UTC;0;906,2;906,8;906,2;3562,1;25,6;13,8;25,6;23;15,8;11,7;58;42;48;259;6,3;3,2;
2024/01/28;1800 UTC;0;905,9;906,2;905,9;2109,6;23,2;14,2;26;23,2;14,7;11,9;57;45;57;264;6,6;2,5;
2024/01/28;1900 UTC;0;905,5;906;905,5;1239,9;22,7;14,3;23,9;22,1;15,1;12,2;60;49;59;329;7,9;2,5;
2024/01/28;2000 UTC;0;905,4;905,6;905,3;922;21,1;15,6;22,7;21;16,2;14,4;72;59;71;116;8,5;,8;
2024/01/28;2100 UTC;,6;905,6;905,7;905,4;450,5;18,9;17;21,1;17,9;17;14,4;89;70;89;146;4,6;1,7;
2024/01/28;2200 UTC;0;905,8;905,8;905,5;524,2;17,4;15,3;20,4;17;17,4;14,8;89;80;88;114;3,1;,6;
2024/01/28;2300 UTC;0;906,2;906,3;905,8;10,8;16,2;14,7;17,5;16,2;15,4;14,5;91;84;91;73;2,7;,8;
2024/01/29;0000 UTC;0;906,4;906,5;906,2;;17,2;14,3;17,6;16,1;14,7;14,1;91;81;83;326;2,9;,3;
2024/01/29;0100 UTC;0;906,7;906,7;906,4;;19,5;11,9;19,8;17,1;14,2;11,9;83;61;61;358;3,5;0;
2024/01/29;0200 UTC;0;906,8;906,9;906,7;;16,7;13,3;19,5;16,6;13,5;11,8;82;61;80;87;2,5;,1;
2024/01/29;0300 UTC;0;906,6;906,8;906,6;;17,6;13,5;17,6;16;14;13;86;77;77;20;4,6;3;
2024/01/29;0400 UTC;0;906,1;906,6;906,1;;17,6;13,6;17,6;17,2;13,6;13,4;78;77;78;14;5,3;3,4;
2024/01/29;0500 UTC;0;905,8;906,1;905,8;;17,2;13,5;17,8;17;13,7;13,4;80;77;78;2;6,2;4,2;
2024/01/29;0600 UTC;0;905,6;905,8;905,5;;16,8;13,4;17,2;16,7;13,6;13,4;81;78;81;4;6,7;4;
2024/01/29;0700 UTC;0;905,6;905,7;905,5;;16,6;13,9;16,9;16,5;13,9;13,4;84;81;84;1;6,9;4,2;
2024/01/29;0800 UTC;0;905,8;905,8;905,6;;16,9;14,2;17,1;16,6;14,4;13,9;85;84;84;358;7,4;4,5;
2024/01/29;0900 UTC;0;906,5;906,5;905,8;;17,1;14,1;17,2;16,8;14,3;13,9;84;82;83;348;7,2;4,1;
2024/01/29;1000 UTC;0;907,1;907,1;906,5;211,6;17,6;14,2;17,6;16,8;14,2;14;84;81;81;337;6,4;3,4;
2024/01/29;1100 UTC;0;907,6;907,6;907,1;980,5;19,5;15;19,5;17,6;15;14,2;81;75;75;334;6,5;3,4;
2024/01/29;1200 UTC;0;908;908;907,6;1832,5;21,6;15,3;21,8;19,4;15,9;14,5;76;65;67;330;6,5;3,4;
2024/01/29;1300 UTC;0;908,1;908,1;908;2606,7;23,1;15,9;23,2;21,6;17,2;15,2;72;62;64;324;6,3;3,1;
2024/01/29;1400 UTC;0;908;908,1;908;3230,3;24;16;24,3;23;17,1;15,1;66;59;61;314;6,2;3,1;
2024/01/29;1500 UTC;0;907,7;908,1;907,6;3802,7;24,5;15,7;25,8;24;17,9;15,2;65;56;58;315;6,2;2,9;
2024/01/29;1600 UTC;0;907,4;907,7;907,3;2195,2;24,2;15,9;26;23,2;17,5;14,3;63;53;60;261;6,3;1,7;
2024/01/29;1700 UTC;0;907,1;907,4;907;3587;25,6;14,9;26,9;24,2;18,8;14,5;66;48;52;262;5,5;,4;
2024/01/29;1800 UTC;0;906,5;907,1;906,5;2797;26,4;15,8;27,2;24,6;18,6;14,1;63;48;52;197;6,1;1,5;
2024/01/29;1900 UTC;0;906;906,6;906;1735,9;25,4;15,8;27,3;24,5;16,7;13,7;58;47;55;251;3,7;1,1;
2024/01/29;2000 UTC;0;905,8;906;905,7;953,5;24,4;15,3;26;24,3;17,1;14,7;62;51;57;204;3,5;1,5;
2024/01/29;2100 UTC;0;905,6;905,8;905,5;867,4;24,4;17,2;26,4;23,9;17,3;15,1;64;51;64;226;3,6;0;
2024/01/29;2200 UTC;0;905,9;905,9;905,5;634,9;24,3;15,8;26,7;24,3;17;14,7;64;50;59;172;1,4;,1;
2024/01/29;2300 UTC;0;906,2;906,2;905,8;43,1;21,8;14,8;24,4;21,8;15,4;14,8;65;56;64;182;3;1,4;
2024/01/30;0000 UTC;0;906,5;906,5;906,2;;21;15;22;21;15,3;14,8;69;64;68;151;2,8;,8;
2024/01/30;0100 UTC;0;907,1;907,1;906,5;;20,2;14,3;21;20,1;15,1;14,3;71;68;69;153;2,3;1;
2024/01/30;0200 UTC;0;907,3;907,4;907,1;;20,9;14,1;21;20,2;14,3;14;69;65;65;123;2,4;,3;
2024/01/30;0300 UTC;0;907,2;907,3;907,1;;20,7;14,5;21,1;20,3;14,7;14,1;69;65;68;162;2,2;1,2;
2024/01/30;0400 UTC;0;906,7;907,2;906,7;;20;14,4;20,6;20;14,5;14,3;71;68;71;122;1,9;,8;
2024/01/30;0500 UTC;0;906,4;906,7;906,4;;20,7;14,3;20,8;19,7;14,6;14,2;72;67;67;111;1,8;1,1;
2024/01/30;0600 UTC;0;906,1;906,4;906,1;;19,7;14,2;21;19,7;14,5;14,1;71;66;71;110;1,8;,5;
2024/01/30;0700 UTC;0;905,9;906,1;905,8;;19,9;14,4;20,7;19,6;14,6;14,1;72;67;70;82;1,6;0;
2024/01/30;0800 UTC;0;906;906;905,9;;20,4;14,4;20,5;19,9;14,4;14,1;70;67;68;114;0;0;
2024/01/30;0900 UTC;0;906,3;906,3;905,9;;19,4;14,1;20,5;19,4;14,4;13,9;72;68;72;34;0;0;
2024/01/30;1000 UTC;0;906,6;906,6;906,3;199,1;21,7;14,7;22,1;18,8;15,7;14;74;64;64;121;0;0;
2024/01/30;1100 UTC;0;907,2;907,2;906,6;950,3;22,3;15,2;23;21,2;16,6;14,4;71;62;64;345;2,5;,4;
2024/01/30;1200 UTC;0;907,6;907,6;907,2;1808,7;24,3;16,9;24,3;22,1;17,5;15;70;61;63;343;4;,2;
2024/01/30;1300 UTC;0;907,9;908;907,6;2490,8;25,2;15,2;25,2;23,9;17,8;15,1;68;54;54;217;2,8;1,2;
2024/01/30;1400 UTC;0;907,9;908;907,9;3250;25,7;15,7;26,4;24,6;17,8;14,3;62;51;54;206;3,6;1,1;
2024/01/30;1500 UTC;0;907,6;907,9;907,6;3257,1;26,6;17;26,8;25,1;17,5;14,6;60;48;55;190;3,4;,9;
2024/01/30;1600 UTC;0;907,2;907,6;907,2;3152,4;27,2;15,2;27,4;25;19,1;14,5;63;48;48;205;6,2;1,7;
2024/01/30;1700 UTC;0;906,9;907,2;906,9;3717,3;27,5;12,3;28,1;26,6;16,9;10,7;52;35;39;218;7;1,3;
2024/01/30;1800 UTC;0;906,5;906,9;906,5;3512,5;28,3;14,7;28,3;27,2;16,3;11,4;49;36;43;176;7,1;1,8;
2024/01/30;1900 UTC;0;906,1;906,5;906,1;3035,9;27,6;13,8;28,8;27,6;16,6;12,4;49;38;43;183;5,8;2,3;
2024/01/30;2000 UTC;0;905,6;906,1;905,6;2290,8;27,6;13,9;28,3;27,3;16,3;12,7;49;39;43;184;6,1;2,4;
2024/01/30;2100 UTC;0;905,4;905,6;905,4;1447,1;26,6;14,3;27,6;26,4;15,2;13,5;48;42;47;180;6,2;1,9;
2024/01/30;2200 UTC;0;905,5;905,5;905,3;566,3;24,1;14;26,7;24,1;14,7;13;53;44;53;169;5,3;1,8;
2024/01/30;2300 UTC;0;905,8;905,8;905,5;27,2;22,3;12,5;24,1;22,2;13,9;12,2;54;51;54;168;4,2;2;
2024/01/31;0000 UTC;0;906,3;906,3;905,8;;21,6;12,4;22,3;21,4;13,1;12,3;58;54;56;169;3,4;1,8;
2024/01/31;0100 UTC;0;906,9;906,9;906,3;;21,6;12,7;21,9;21,5;12,8;12,3;57;55;57;158;3,1;1,8;
2024/01/31;0200 UTC;0;907,2;907,2;906,9;;21,4;13;21,8;21,3;13,1;12,6;59;56;59;142;3,5;1,6;
2024/01/31;0300 UTC;0;906,8;907,2;906,8;;21,2;14;21,4;21;14;13;64;59;64;131;3,2;1,4;
2024/01/31;0400 UTC;0;906,4;906,8;906,4;;20,8;14,3;21,4;20,8;14,3;13,9;67;63;67;133;3;1,2;
2024/01/31;0500 UTC;0;906,1;906,4;906,1;;20,3;13,8;20,8;20,3;14,4;13,8;67;66;66;134;3,1;1,4;
2024/01/31;0600 UTC;0;906,1;906,1;905,9;;19,9;13,4;20,3;19,6;13,8;13,4;68;66;66;122;2,7;1,6;
2024/01/31;0700 UTC;0;906,3;906,3;906,1;;19,8;13,9;20,1;19,2;14;13,1;70;65;69;109;3,2;1,7;
2024/01/31;0800 UTC;0;906,2;906,3;906,2;;19,3;14;20,1;19,3;14,3;13,7;72;68;71;87;3,6;1,5;
2024/01/31;0900 UTC;0;906,7;906,7;906,2;;19,3;14,3;20,1;19;14,3;13,9;73;69;73;71;3,3;,1;
2024/01/31;1000 UTC;0;907,2;907,2;906,7;189,5;21,8;14,7;21,8;19,3;14,8;14;73;63;64;56;1,4;0;
2024/01/31;1100 UTC;0;907,5;907,5;907,2;942,7;23,2;15,6;23,3;21,8;15,6;13,9;64;57;63;101;3,3;1;
2024/01/31;1200 UTC;0;907,9;907,9;907,5;1810;23,8;15,1;25,1;23;16,9;14;67;52;58;349;3,2;1,7;
2024/01/31;1300 UTC;0;908,1;908,2;907,9;2584,3;26,9;17;26,9;23,8;18,3;14,9;63;49;55;354;4,4;1;
2024/01/31;1400 UTC;0;908,2;908,2;908,1;3204,8;27,6;15,2;27,9;26,4;17,9;14,7;57;45;47;283;4,1;2,2;
2024/01/31;1500 UTC;0;908;908,2;908;3488,2;28,2;13,9;28,7;27,2;17,7;12,5;52;38;42;221;4,9;1,7;
2024/01/31;1600 UTC;0;907,9;908,1;907,9;3786,9;28,3;13,4;28,8;27,8;17,4;13;51;39;40;283;5,8;2,4;
2024/01/31;1700 UTC;0;907,5;907,9;907,5;2975,3;27,5;15,6;30;26,9;16,9;12,9;52;37;48;188;5,6;2;
2024/01/31;1800 UTC;0;907;907,5;907;3219,2;29,7;15;30,4;27,4;17,4;13,4;51;39;41;157;6,2;1,3;
2024/01/31;1900 UTC;0;906,3;907;906,3;3042,7;29,6;14,9;30,2;28,9;16,9;13,8;47;39;41;166;5,5;1,8;
2024/01/31;2000 UTC;0;905,8;906,4;905,8;1956,3;28,6;14;29,5;27,1;15,8;13,3;45;39;41;170;6,3;2,3;
2024/01/31;2100 UTC;0;905,7;905,8;905,6;1408;27,4;15,1;29,2;27,4;16,2;13,4;48;39;47;163;5,7;2,4;
2024/01/31;2200 UTC;0;906,2;906,2;905,7;431,4;24,6;15,7;27,4;24,6;16;14,8;59;47;57;150;5,7;1,8;
2024/01/31;2300 UTC;0;906,8;906,8;906,2;25;23;15,3;24,7;23;15,7;15,2;63;57;62;159;5,3;1,7;
2024/02/01;0000 UTC;0;907,4;907,4;906,8;;22,6;14,4;23,1;22,6;15,2;14,3;61;58;60;149;4,1;2;
2024/02/01;0100 UTC;0;908;908;907,3;;22;15,7;22,6;22;15,7;14,4;68;60;68;143;3,8;1,7;
2024/02/01;0200 UTC;0;908,2;908,3;908;;22,1;15,6;22,2;21,8;16,3;15,6;70;67;67;122;4,3;2,1;
2024/02/01;0300 UTC;0;908,4;908,5;908,2;;22;14,7;22,3;21,8;15,7;14,7;67;63;63;92;6,7;2,4;
2024/02/01;0400 UTC;0;908,1;908,4;908;;21,6;15,1;22,2;21,4;15,1;14,7;67;63;66;85;4,9;2,5;
2024/02/01;0500 UTC;0;907,8;908,1;907,8;;21;15,3;21,7;21;15,3;15;70;66;70;86;5,3;1;
2024/02/01;0600 UTC;0;907,4;907,8;907,4;;20,9;16,3;21,4;20,7;16,3;15,3;75;70;75;63;5,3;1,3;
2024/02/01;0700 UTC;0;907,5;907,5;907,2;;20,2;16,4;21,4;20,1;16,5;16,2;79;73;79;57;5,6;1,8;
2024/02/01;0800 UTC;0;908;908;907,4;;19,7;16,4;20,8;19,7;16,6;16,4;81;77;81;25;7,4;1,8;
2024/02/01;0900 UTC;0;908,4;908,4;908;;19,5;16,5;19,7;19,2;16,6;16,3;84;81;83;13;6,3;3,1;
2024/02/01;1000 UTC;0;909,1;909,1;908,4;176,1;19,9;16,6;19,9;19,5;16,6;16,4;83;81;81;359;7,6;4,3;
2024/02/01;1100 UTC;0;909,6;909,6;909;908,3;21,2;16,9;21,2;19,9;17;16,6;81;76;76;7;8,2;3,9;
2024/02/01;1200 UTC;0;909,7;909,8;909,6;1770,3;22,5;17,1;22,8;21,1;17,4;16,8;77;71;71;1;8,6;5;
2024/02/01;1300 UTC;0;909,9;909,9;909,7;2544,9;24,8;18,1;24,8;22,5;18,3;17,2;73;66;67;347;8,4;4;
2024/02/01;1400 UTC;0;910;910;909,9;3164,6;26,5;18,2;26,7;24,8;19,4;17,6;68;60;61;345;7,7;3,1;
2024/02/01;1500 UTC;0;909,8;910;909,8;3587,6;27,8;18,1;28,1;26,4;19,9;17,8;64;55;56;338;5,7;2,6;
2024/02/01;1600 UTC;0;909,3;909,8;909,3;3733,5;29,1;16,6;29,3;27,2;20,1;16,1;60;45;47;337;6,6;2;
2024/02/01;1700 UTC;0;908,8;909,4;908,8;3098,3;28,8;15,2;30,2;28,4;18,9;13,7;52;39;44;237;6,6;,6;
2024/02/01;1800 UTC;0;908,2;908,8;908,2;3131,7;29,7;16,5;30,7;27,4;19,2;14,7;55;42;45;183;5;1,7;
2024/02/01;1900 UTC;0;908;908,2;907,9;1011,4;26,2;17,2;29,7;26,2;18;16;59;45;57;162;5,6;2,1;
2024/02/01;2000 UTC;0;908,1;908,1;907,8;1956,6;26,8;18;28,6;26,1;20,1;17,2;63;54;59;288;5,6;1,7;
2024/02/01;2100 UTC;0;908,1;908,4;908;1040,5;26;18,6;27;24,7;18,6;17,2;68;57;64;321;4,5;1,6;
2024/02/01;2200 UTC;0;908,8;908,9;908;623,3;22,7;16,4;26;22,7;19,1;16,3;69;64;68;88;7,5;2,5;
2024/02/01;2300 UTC;0;909,2;909,3;908,6;68,4;22,1;15,6;22,7;20,5;16,6;15,5;74;67;67;37;4,7;2,6;
2024/02/02;0000 UTC;0;909,5;909,6;909,2;;22;16;22,4;21,9;16,2;15,2;70;64;69;29;5,2;2,7;
2024/02/02;0100 UTC;0;910,1;910,2;909,5;;20,5;16,3;22,1;20,5;16,4;15,5;77;67;77;121;4,6;1,1;
2024/02/02;0200 UTC;0;910,5;910,5;910;;20,6;16;20,8;20,2;16,3;15,4;78;72;75;81;3,9;1;
2024/02/02;0300 UTC;0;910,4;910,6;910,3;;20,6;16;21;20,5;16,1;15,9;75;73;75;44;7;2,6;
2024/02/02;0400 UTC;0;910,3;910,4;910,2;;20,3;15,5;20,8;20,2;16;15,3;75;72;74;17;9,2;3,7;
2024/02/02;0500 UTC;0;910;910,3;909,9;;19,5;15,6;20,4;19,5;15,6;15,5;78;74;78;52;8,9;3,1;
2024/02/02;0600 UTC;0;909,9;910;909,8;;19,2;15,6;19,5;19,2;15,7;15,6;80;78;80;29;8,8;2,8;
2024/02/02;0700 UTC;0;910;910,2;909,8;;18,7;16;19,2;18,6;16;15,6;84;80;84;29;7,2;3,2;
2024/02/02;0800 UTC;0;910;910;909,9;;18,6;15,9;18,8;18,5;16;15,9;85;84;85;53;7,1;3,2;
2024/02/02;0900 UTC;0;910,7;910,7;910;;18,5;15,8;18,9;18,5;16;15,8;85;83;84;38;6,6;2,7;
2024/02/02;1000 UTC;0;911;911;910,7;168,4;19,3;16;19,3;18,5;16,1;15,8;84;82;82;46;6,3;3,2;
2024/02/02;1100 UTC;0;911,3;911,3;910,9;901,4;21,4;16,6;21,4;19,3;16,7;15,9;82;74;74;44;6,8;1,7;
2024/02/02;1200 UTC;0;911,5;911,5;911,3;1759,6;23;16,9;23;21,3;17,4;16,3;74;68;69;25;6,7;2,2;
2024/02/02;1300 UTC;0;911,8;911,8;911,4;2529,3;24;16,6;24,8;22,7;18,2;16,5;72;63;63;8;7;2,4;
2024/02/02;1400 UTC;0;911,9;912;911,8;3132;25,4;18,3;26,2;24;19,1;17;68;61;65;342;6,8;2,6;
2024/02/02;1500 UTC;0;911,6;911,9;911,6;3568;26,4;18,9;27,1;25,3;20;17,6;67;59;63;334;6,6;3,1;
2024/02/02;1600 UTC;0;911,1;911,7;911,1;3170,3;25,8;17,6;28,5;25,8;21,2;16,9;66;55;60;315;5,8;2,1;
2024/02/02;1700 UTC;0;910,4;911,1;910,4;3240,2;27,8;17,8;29,6;25,7;20,6;16,9;64;49;54;317;5,7;2,1;
2024/02/02;1800 UTC;0;909,5;910,4;909,5;3436,7;27,7;17,7;29,5;27,6;20,7;16,2;60;47;54;306;6,1;1,1;
2024/02/02;1900 UTC;0;908,9;909,5;908,9;1229,4;24,5;16,7;28,1;24,3;18,5;15,9;64;51;62;85;8,4;2,7;
2024/02/02;2000 UTC;0;908,6;908,9;908,3;1273,9;25,5;17,7;27,9;24,5;19,1;16,9;63;55;62;145;5,6;,1;
2024/02/02;2100 UTC;0;908,8;908,9;908,6;207,2;23,8;17,9;25,5;23,4;18;17,1;71;62;70;226;5,3;2,1;
2024/02/02;2200 UTC;0;909,1;909,2;908,8;188,7;22,9;17,5;23,8;22,9;18,6;17,4;75;70;71;104;3,8;1,8;
2024/02/02;2300 UTC;0;909,2;909,3;908,9;14;22,1;16,2;22,9;22;17,5;16,2;72;69;69;94;6,3;2;
2024/02/03;0000 UTC;0;909,7;909,9;909,1;;21,6;17;22,1;21;17,1;16,3;76;69;75;345;8;3,5;
2024/02/03;0100 UTC;0;909,5;909,7;909,4;;21,6;16,5;22;21,4;17,2;16,4;77;71;73;4;5,5;2,9;
2024/02/03;0200 UTC;0;909,9;910;909,5;;21,3;16,5;21,7;21,3;16,6;16,3;74;72;74;356;6,8;3,8;
2024/02/03;0300 UTC;0;909,8;910,1;909,8;;21,8;16,7;21,9;20,8;16,9;16,4;77;73;73;15;6;3,1;
2024/02/03;0400 UTC;0;909,6;909,8;909,6;;20,7;16,6;21,9;20,6;16,7;16;78;70;78;54;7,8;2,9;
2024/02/03;0500 UTC;0;909,4;909,7;909,3;;20;16,9;20,7;20;17,1;16,6;82;78;82;42;9,7;3,6;
2024/02/03;0600 UTC;0;908,8;909,4;908,8;;19,2;16,9;20;19,2;16,9;16,8;86;82;86;41;8,9;3,1;
2024/02/03;0700 UTC;0;908,7;908,8;908,7;;18,7;16,7;19,3;18,7;17;16,6;88;86;88;15;8,5;2,9;
2024/02/03;0800 UTC;0;908,9;909;908,7;;18,6;16,7;18,8;18,5;16,8;16,7;89;88;89;26;8,4;3,4;
2024/02/03;0900 UTC;0;909,4;909,4;908,9;;18,1;16,5;18,6;18;16,7;16,5;91;89;91;3;8,4;3,9;
2024/02/03;1000 UTC;0;909,6;909,7;909,4;167,3;18,6;16,5;18,6;17,9;16,5;16,4;91;88;88;14;8;3,6;
2024/02/03;1100 UTC;0;910,3;910,3;909,6;907,7;19,8;16,3;19,9;18,6;16,6;16,3;88;80;81;5;10;4,6;
2024/02/03;1200 UTC;0;910,7;910,7;910,3;1773,9;21,7;17,1;21,7;19,8;17,2;16,4;81;74;75;352;10;5,6;
2024/02/03;1300 UTC;0;911;911;910,7;2555,8;23,2;17;23,3;21,6;17,6;16,5;75;68;68;358;10,2;4,4;
2024/02/03;1400 UTC;0;910,7;911;910,7;3176,7;25,1;17,9;25,2;23;17,9;16,8;70;63;64;353;9,2;4;
2024/02/03;1500 UTC;0;910,7;910,8;910,6;3599,4;26;17,4;26,7;24,9;19,3;16,9;65;58;59;338;8,2;4,3;
2024/02/03;1600 UTC;0;910,3;910,7;910,3;3806,4;27,7;18,3;27,8;26;19,4;16,7;62;52;57;340;8,2;3,2;
2024/02/03;1700 UTC;0;909,9;910,3;909,8;3353,9;26,6;17,1;29,4;26,6;19,5;16,1;57;49;56;340;6,9;1,8;
2024/02/03;1800 UTC;0;909,2;909,9;909,2;1724,1;27,2;16,5;28,9;26,4;19,7;16,3;60;51;52;351;5,2;2,4;
2024/02/03;1900 UTC;0;908,5;909,2;908,5;2727,1;27,6;15,7;29,8;27,1;19,4;15,4;57;44;48;295;4,3;1,7;
2024/02/03;2000 UTC;0;907,7;908,5;907,7;1936,1;29,6;17,6;29,7;27,5;18,3;15,1;52;43;49;295;3,5;,6;
2024/02/03;2100 UTC;0;907,8;907,9;907,5;611,3;25,1;18,2;29,6;24;18,2;16;69;45;66;241;5,5;2,4;
2024/02/03;2200 UTC;0;908,2;908,2;907,7;647,8;25;17;27,1;25;18,3;16,2;66;54;61;258;3,9;1,6;
2024/02/03;2300 UTC;0;908,5;908,5;908,1;30;25,2;15,9;25,2;24,5;17,4;15,9;65;56;56;219;2,8;,7;
2024/02/04;0000 UTC;0;909,2;909,2;908,5;;22,3;17,3;25,2;22;17,6;15,7;76;56;73;312;2,4;0;
2024/02/04;0100 UTC;0;909,5;909,6;909,2;;24;16,8;24;21,5;17,7;16,8;77;64;64;24;2,3;0;
2024/02/04;0200 UTC;0;909,9;909,9;909,4;;23,6;16,6;24;22,4;17,1;16,4;71;64;65;358;0;0;
2024/02/04;0300 UTC;0;909,6;910,1;909,6;;24,2;16,6;24,8;23,4;16,7;16,4;66;61;62;15;3,5;2,2;
2024/02/04;0400 UTC;0;909,2;909,6;909,2;;22,7;16,7;24,2;22,6;16,7;16,4;69;62;69;29;3,8;1,7;
2024/02/04;0500 UTC;0;908,9;909,3;908,9;;21,7;16,7;22,7;21,7;16,8;16,6;73;69;73;21;4,1;2,3;
2024/02/04;0600 UTC;0;908,7;908,9;908,7;;21,7;16,8;21,8;21,2;16,9;16,6;76;73;73;20;5,5;3,4;
2024/02/04;0700 UTC;0;908,7;908,7;908,5;;20,7;16,9;21,8;20,7;16,9;16,7;79;73;79;354;6,6;3,3;
2024/02/04;0800 UTC;0;909,1;909,1;908,7;;20,5;17;20,7;20,3;17;16,8;81;79;80;352;6,5;4,2;
2024/02/04;0900 UTC;0;909,2;909,3;908,9;;20,2;17,1;20,6;20,1;17,1;16,9;83;80;82;347;7,3;3,8;
2024/02/04;1000 UTC;0;910,1;910,1;909,2;163,3;20,6;17,3;20,7;20,1;17,3;17;82;81;81;337;7,5;3,9;
2024/02/04;1100 UTC;0;910,5;910,6;910,1;901,5;22;17,7;22,1;20,6;18;17,3;81;77;77;341;8,2;4,3;
2024/02/04;1200 UTC;0;911;911;910,5;1768,8;23,2;18,7;23,2;21,9;18,7;17,7;77;75;76;347;8,6;4,7;
2024/02/04;1300 UTC;0;911,4;911,4;911;2302,4;24,6;20;24,6;23,2;20;18,7;77;73;76;338;8,7;3;
2024/02/04;1400 UTC;0;911,4;911,5;911,3;2728;26;19,7;26,2;24,3;20,2;18,9;76;67;68;317;8,2;3,4;
2024/02/04;1500 UTC;0;911,2;911,4;911,1;3474,8;26,9;19,1;26,9;25,4;20,3;18,3;70;60;63;338;7,8;3,1;
2024/02/04;1600 UTC;0;910,6;911,2;910,6;3564,9;27,3;17,7;28,4;26,7;20,5;17,7;66;54;56;338;6,3;1,5;
2024/02/04;1700 UTC;0;909,6;910,6;909,6;2710;29,2;18,2;29,3;26,5;20,6;18;65;51;51;295;5,5;2,7;
2024/02/04;1800 UTC;0;908,5;909,6;908,4;2776;29,5;18;29,6;27,2;19,8;15,9;58;47;50;293;7;2,1;
2024/02/04;1900 UTC;0;908,2;908,5;908,1;2605,3;28;17;30,8;28;18,8;16,2;52;45;51;206;6,1;1,4;
2024/02/04;2000 UTC;0;907,9;908,2;907,9;389;25,2;18,4;28;25,2;18,4;16,4;66;50;66;123;6;1,5;
2024/02/04;2100 UTC;0;907,8;908,2;907,6;246,8;24,1;17,3;25,2;23,6;17,8;16,8;68;62;66;338;5;1,4;
2024/02/04;2200 UTC;0;908,2;908,3;907,4;256,5;24,3;17,1;24,9;23,7;18,4;17;72;61;64;21;3,3;1,7;
2024/02/04;2300 UTC;0;909,5;909,5;908,2;7,1;21;15,4;24,6;21;17,4;14,5;70;62;70;27;10,4;2,5;
2024/02/05;0000 UTC;0;910,6;910,6;909,5;;20,2;15,8;21;19,9;15,9;15,4;78;70;76;82;6,1;2,6;
2024/02/05;0100 UTC;0;910,2;910,9;910,2;;20,6;15,4;20,6;19,9;16,3;15,4;79;72;72;326;4,5;3,6;
2024/02/05;0200 UTC;0;909,5;910,2;909,5;;20,5;14,9;22;19,6;15,7;14,6;78;63;70;328;5,4;1,7;
2024/02/05;0300 UTC;0;910,6;910,6;909,5;;21,1;14,2;22,3;20,5;14,8;13,8;70;59;65;49;3,8;1,9;
2024/02/05;0400 UTC;0;910,8;910,8;910,4;;19,7;15,2;21,1;18,5;16,2;14,7;86;65;75;47;4,4;,4;
2024/02/05;0500 UTC;0;909,5;910,8;909,3;;19,8;14,3;23;19,7;15;12,6;75;53;70;197;6,3;1,3;
2024/02/05;0600 UTC;0;909,4;909,6;909,2;;18;15,9;19,8;18;16;14,5;88;70;88;152;6,3;,6;
2024/02/05;0700 UTC;0;908,8;909,4;908,8;;17,7;16,4;18,3;17,7;16,5;15,9;92;88;92;72;5,8;1,5;
2024/02/05;0800 UTC;0;909,2;909,2;908,7;;18,4;16,3;18,4;17,7;16,5;16,1;92;88;88;50;5,8;1,7;
2024/02/05;0900 UTC;0;909,5;909,5;909,1;;18,9;15,2;19,4;18,4;16,4;15,2;88;78;79;64;4;,6;
2024/02/05;1000 UTC;0;910;910;909,5;156,2;20,8;15,5;20,8;18,7;15,8;15,1;80;72;72;42;2,9;1,3;
2024/02/05;1100 UTC;0;910,1;910,1;910;847,6;22;16,6;22;20,8;16,6;15,5;72;68;72;5;6,2;2,8;
2024/02/05;1200 UTC;0;910,5;910,5;910;1654,1;23,7;16,8;23,9;22;17,5;16,3;72;65;65;355;7,3;3,2;
2024/02/05;1300 UTC;0;910,8;910,9;910,5;2523,2;26,1;18,3;26,3;23,5;19,3;16,8;69;62;63;343;6,6;,9;
2024/02/05;1400 UTC;0;910,8;910,9;910,8;3089,6;26,7;17,7;26,9;25,1;19,6;17,4;67;57;58;354;5,3;2;
2024/02/05;1500 UTC;0;910,4;910,8;910,4;3537,2;28,1;18,7;28,1;26,6;19,1;17,3;61;53;57;333;6,3;2,8;
2024/02/05;1600 UTC;0;909,9;910,4;909,9;3664,4;29,2;18,9;29,3;27,9;20,7;17,8;62;52;54;305;6,4;2,9;
2024/02/05;1700 UTC;0;909,2;909,9;909,2;3257,8;29,8;17,9;30;28,4;19,5;15,2;57;41;49;315;6,4;1,2;
2024/02/05;1800 UTC;0;908,3;909,2;908,3;3593,3;31,5;16,2;31,5;29,8;18,2;13,6;49;35;40;23;4,8;,5;
2024/02/05;1900 UTC;0;907,6;908,3;907,6;1537,5;29,5;17,1;31,6;28,6;17,1;14,5;49;37;47;172;4,9;1,7;
2024/02/05;2000 UTC;0;907,4;907,6;907,3;1247,2;24,7;16,7;30,6;24,7;17,6;14,5;62;39;61;62;5,6;1,4;
2024/02/05;2100 UTC;2;908,4;908,6;907,3;60,2;19;17,1;24,7;19;18,2;16,9;90;61;89;359;8,4;4,1;
2024/02/05;2200 UTC;,4;908,8;909,4;908,3;2;19,2;17,6;19,3;18,1;17,7;16,2;94;88;90;271;9,9;2,5;
2024/02/05;2300 UTC;0;908,7;909,3;908,4;;20,5;17,2;20,5;18,2;17,8;17;93;82;82;258;6,2;2,8;
2024/02/06;0000 UTC;0;909,6;909,6;908,7;,6;20,8;15,5;20,8;19,8;17,2;15,4;82;72;72;251;4,2;2,4;
2024/02/06;0100 UTC;0;909,9;910;909,6;1,9;23;16,7;23,2;20;17,3;15,5;79;67;67;163;3,7;1,4;
2024/02/06;0200 UTC;0;909,7;909,9;909,6;;21,5;16,2;23;21,5;16,7;15,9;72;67;72;28;2,3;0;
2024/02/06;0300 UTC;0;909,6;909,8;909,6;;21,4;16,1;21,8;21,4;16,5;16,1;73;71;72;96;3,4;1,5;
2024/02/06;0400 UTC;0;909,4;909,7;909,4;;20,6;15,5;21,6;20,6;16,2;15,5;73;69;73;90;3,9;1,6;
2024/02/06;0500 UTC;0;909;909,4;909;;21,2;16,2;21,4;20,6;16,2;15,3;74;70;74;106;3,8;2,3;
2024/02/06;0600 UTC;0;909;909;908,8;;20,9;16,6;21,4;20,5;16,9;16,2;79;73;76;97;4,1;2,1;
2024/02/06;0700 UTC;0;909,2;909,2;908,8;;19,6;17,1;21;19,6;17,3;16,5;85;76;85;69;4,3;,4;
2024/02/06;0800 UTC;0;909,3;909,4;909,2;;20,4;17,8;20,4;19,5;18;17,1;88;85;85;40;4,7;2,5;
2024/02/06;0900 UTC;0;909,9;909,9;909,4;;20,6;17,7;20,8;20,3;17,9;17,6;85;83;84;28;5,1;1,8;
2024/02/06;1000 UTC;0;910,5;910,5;909,9;170,3;21,4;17,8;21,4;20,4;17,9;17,4;84;80;80;66;5,2;1,6;
2024/02/06;1100 UTC;0;911,3;911,3;910,5;873,2;22,5;18,5;22,8;21,4;18,8;17,7;80;77;78;51;5;1,7;
2024/02/06;1200 UTC;0;911,8;911,8;911,3;1676,3;24,8;19,7;24,8;22,5;19,8;18,2;80;71;73;30;7,9;1,1;
2024/02/06;1300 UTC;0;912,5;912,6;911,8;2261,6;25,2;19;25,5;23,6;20,1;18,3;75;67;69;354;7,7;3,3;
2024/02/06;1400 UTC;0;912,3;912,5;912,3;3101,2;26,6;19,4;26,6;24,9;20,3;18,6;72;64;65;340;8,3;4,3;
2024/02/06;1500 UTC;0;911,9;912,4;911,8;3563,9;28,1;20;28,6;26,4;21,6;19,1;67;60;62;336;8,1;3,1;
2024/02/06;1600 UTC;0;911,2;911,9;911,2;3605,4;28,3;19,6;29,1;27,6;21,6;18;66;55;59;347;6,3;3,1;
2024/02/06;1700 UTC;0;910,5;911,2;910,5;3359,6;29,2;18;29,5;27,8;20,6;17,5;61;49;51;302;7,1;2,8;
2024/02/06;1800 UTC;0;909,4;910,5;909,4;3402;29,4;16,8;30,6;28,6;19,2;16,1;57;42;47;346;5,7;1,9;
2024/02/06;1900 UTC;0;908,6;909,4;908,6;1092,9;28,9;18;30;27,8;18,9;16,4;56;46;52;156;4,8;0;
2024/02/06;2000 UTC;0;908;908,6;907,9;1824,4;30,6;18,4;31;28,2;20,1;16,6;56;44;48;177;2,1;,3;
2024/02/06;2100 UTC;0;908,1;908,1;907,9;989,5;29;16,6;30,7;28;19,1;16,4;54;44;47;218;2,9;,7;
2024/02/06;2200 UTC;0;908,1;908,1;907,9;271,7;26,9;15,9;29;26,9;16,7;15,6;51;45;51;210;2,7;1,9;
2024/02/06;2300 UTC;0;908,4;908,5;908;8,2;26,3;16,8;27;26,2;16,8;15,9;56;51;56;202;2,8;1,8;
2024/02/07;0000 UTC;0;908,9;908,9;908,3;;25,7;17,1;26,3;25,6;17,1;16,8;59;56;59;174;2,8;,7;
2024/02/07;0100 UTC;0;909,6;909,6;908,9;;24,7;17,9;26,2;24,2;18;16,9;67;57;66;354;2,7;,9;
2024/02/07;0200 UTC;0;909,7;909,8;909,4;;25,5;17,6;25,9;24,4;18;17,4;67;61;61;109;2,6;0;
2024/02/07;0300 UTC;0;909,4;909,8;909,4;;22,7;18,5;25,5;22,7;18,6;17,6;77;61;77;353;4,2;2,1;
2024/02/07;0400 UTC;0;908,7;909,4;908,6;;22,6;18,2;23;22,4;18,7;18,2;78;76;76;339;6;3,5;
2024/02/07;0500 UTC;0;908,3;908,6;908,2;;22,4;18,1;22,7;22,2;18,2;18;78;75;76;340;5,1;3,2;
2024/02/07;0600 UTC;0;908,1;908,4;908,1;;22,1;17,8;22,5;21,9;18,1;17,8;78;76;76;337;6;2,9;
2024/02/07;0700 UTC;0;907,8;908,2;907,8;;22;17,5;22,7;21,9;17,7;17,2;77;71;76;11;5,7;2,7;
2024/02/07;0800 UTC;0;907,8;907,8;907,6;;21,7;18;22;21,4;18,1;17,5;80;76;79;329;5;3;
2024/02/07;0900 UTC;0;908,2;908,2;907,8;;21,7;18,2;21,9;21,4;18,2;17,7;81;78;80;354;5,9;2,7;
2024/02/07;1000 UTC;0;909;909;908,2;75,2;22,2;17,5;22,2;21,5;18,1;17,5;80;75;75;348;4,8;3,2;
2024/02/07;1100 UTC;0;909,3;909,3;909;827,7;23,9;18,3;23,9;22,2;18,5;17,5;75;71;71;355;4,7;2,5;
2024/02/07;1200 UTC;0;909,6;909,6;909,3;1858,5;25,2;17,9;25,5;23,7;19,2;17,7;72;63;64;347;6,1;3;
2024/02/07;1300 UTC;0;909,7;909,7;909,5;2110,4;26,8;19,4;26,9;24,8;19,4;17,6;68;60;64;333;5,2;1,8;
2024/02/07;1400 UTC;0;909,9;909,9;909,7;2445,1;28,7;19,7;28,7;26,7;20,4;18,3;65;56;58;309;5,7;2,9;
2024/02/07;1500 UTC;0;909,4;909,9;909,4;3223,3;29,1;20,2;29,5;27,1;20,9;17,4;62;49;59;315;6,9;3,4;
2024/02/07;1600 UTC;0;909;909,5;909;3772,6;29,7;19,1;30,1;28,5;20,5;16,3;59;47;53;335;7;2,9;
2024/02/07;1700 UTC;0;908;909;908;3226,9;30;18;31,1;28,1;21;17,1;58;47;49;321;7,5;3,2;
2024/02/07;1800 UTC;0;907,5;908;907,5;2137,6;29;17;30,3;28,1;19,4;16,7;54;47;48;291;7,4;1,5;
2024/02/07;1900 UTC;0;907;907,5;907;1431,5;27,5;16,8;29,9;27,4;18,8;15;54;42;52;282;4,2;,1;
2024/02/07;2000 UTC;0;906,6;907;906,4;729,7;26,6;19,3;27,6;26,6;19,8;15,4;66;48;64;132;4,1;1,1;
2024/02/07;2100 UTC;0;906,5;907;906,5;557,3;22,6;17,4;26,5;22,6;19,4;16,4;73;60;73;117;8,2;1,5;
2024/02/07;2200 UTC;0;906,7;906,8;906,4;141,9;23,2;17,2;23,2;22,4;17,6;17,2;74;69;69;88;4,1;1;
2024/02/07;2300 UTC;0;907,4;907,4;906,7;15,5;21,3;17,5;23,5;21,3;17,6;16,6;79;65;79;140;3,3;1;
2024/02/08;0000 UTC;0;908;908;907,4;;20,3;17,4;21,4;20,3;17,6;17,3;83;78;83;168;3,8;1,7;
2024/02/08;0100 UTC;0;908,7;908,7;908;;19,3;17,3;20,3;19,3;17,7;17,3;88;84;88;153;3,9;1,6;
2024/02/08;0200 UTC;0;908,4;908,9;908,4;;19,4;15,9;19,4;19;17,3;15,9;88;80;80;117;3,4;2,1;
2024/02/08;0300 UTC;0;908,2;908,4;908;;19,9;15;20;19,3;15,9;15;81;73;73;104;4,1;2,1;
2024/02/08;0400 UTC;0;907,5;908,2;907,5;;21,4;12,8;22,7;20;15;12;73;51;58;64;3,9;,9;
2024/02/08;0500 UTC;0;906,9;907,5;906,9;;21,6;13,1;22,2;20,5;14;12,7;66;56;58;35;4,4;1,1;
2024/02/08;0600 UTC;0;907;907;906,9;;21,3;12,9;22,9;21,3;13,1;12,1;59;51;59;21;3,9;,2;
2024/02/08;0700 UTC;0;906,8;907,1;906,8;;20,6;13,5;21,9;20,2;13,8;12,8;66;56;64;53;2,6;0;
2024/02/08;0800 UTC;0;906,8;906,9;906,8;;22,5;13,3;22,7;20,2;13,6;12,2;65;53;56;355;4,7;3,5;
2024/02/08;0900 UTC;0;906,9;906,9;906,7;;22,4;14,8;22,5;21,8;14,8;13,2;62;56;62;358;5,4;3;
2024/02/08;1000 UTC;0;907,5;907,5;906,9;134,4;22,1;15,2;22,4;21,7;15,2;14,5;65;62;65;40;5,3;1,9;
2024/02/08;1100 UTC;0;907,7;907,7;907,5;830,9;23,1;15,4;23,2;21,9;16,2;14,5;66;60;62;51;4,7;1,4;
2024/02/08;1200 UTC;0;907,8;907,8;907,7;1696;25,1;16,9;25,5;23;18;15,2;66;59;60;354;5,1;2,8;
2024/02/08;1300 UTC;0;908,1;908,1;907,8;2446,2;27,1;18,6;27,2;25,1;19;17;63;57;60;11;5,2;1,3;
2024/02/08;1400 UTC;0;908,1;908,2;908,1;2981,3;27,6;18,3;28,2;26,6;19,7;17,6;61;53;57;355;6,1;3,4;
2024/02/08;1500 UTC;0;907,9;908,1;907,8;3551,5;29,4;18,7;29,6;27,6;20,2;17,2;59;50;53;339;6,5;3,2;
2024/02/08;1600 UTC;0;907,3;907,9;907,3;2997,6;29,2;18,6;29,8;27,7;19,3;16,9;56;48;53;332;6,5;2,9;
2024/02/08;1700 UTC;0;906,8;907,3;906,8;3210,3;30,4;17,4;30,8;28,9;19,3;16,6;53;43;46;288;6,3;1,6;
2024/02/08;1800 UTC;0;906;906,8;906;2478;31,3;18,5;31,6;28,4;19,7;15,9;54;40;47;19;4,7;,1;
2024/02/08;1900 UTC;0;905,8;906;905,8;847;28,1;17,9;31,3;28,1;18,9;16,7;57;44;54;246;2,6;0;
2024/02/08;2000 UTC;,2;905,8;905,8;905,6;275,8;22,9;17,6;28,1;22,5;18,2;16,3;75;53;72;228;10,6;2,9;
2024/02/08;2100 UTC;0;906;906;905,8;327,4;22,5;17,8;23,3;22,3;18,4;17,1;77;70;75;84;7,4;,5;
2024/02/08;2200 UTC;1;906,9;906,9;905,9;128,6;19,6;16,7;22,7;19,4;17,9;15,8;84;67;83;58;9,8;4,1;
2024/02/08;2300 UTC;,6;906,9;906,9;906,6;,7;23,9;15,9;24,2;19,5;16,8;15,2;83;58;61;42;8,5;,7;
2024/02/09;0000 UTC;0;907,5;907,5;906,9;1,6;22,3;16,6;23,9;21,2;17;15,8;74;61;70;127;3,2;,1;
2024/02/09;0100 UTC;0;908,4;908,4;907,5;;20,9;17,6;22,3;20,9;17,7;16,3;81;69;81;125;3,2;1,1;
2024/02/09;0200 UTC;0;908;908,4;908;;20,8;17,3;20,9;20,1;18;17,3;86;81;81;102;3,6;1,7;
2024/02/09;0300 UTC;0;907,4;908;907,3;;21,8;16,9;22;20,8;17,4;16,9;81;74;74;102;4;1,7;
2024/02/09;0400 UTC;0;906,9;907,4;906,9;;20,7;16,9;21,8;20,4;17,2;16,6;80;74;79;91;4;2;
2024/02/09;0500 UTC;0;906,7;906,9;906,6;;21;15,8;21,2;20,3;16,9;15,5;80;71;72;29;4,4;,3;
2024/02/09;0600 UTC;0;906,5;906,8;906,4;;21,4;16,5;21,5;20,5;16,5;15,7;76;71;74;27;4,6;2,8;
2024/02/09;0700 UTC;0;906,6;906,6;906,4;;21,1;16,3;21,3;20,5;16,6;16,3;78;74;74;28;4,5;2,7;
2024/02/09;0800 UTC;0;906,9;906,9;906,4;;20,7;16,8;21,6;20,7;16,9;16,3;79;73;79;63;5,7;1,6;
2024/02/09;0900 UTC;0;907,6;907,6;906,9;;19,9;17,2;21;19,9;17,2;16,9;85;78;85;75;5,4;,3;
2024/02/09;1000 UTC;0;908,4;908,4;907,6;84,8;20,3;17,8;20,3;19,8;17,8;17,2;86;85;85;77;3,7;1;
2024/02/09;1100 UTC;0;908,7;908,7;908,4;758,3;22,9;18,5;23;20,3;18,8;17,8;85;76;76;58;5,3;2,7;
2024/02/09;1200 UTC;0;909,2;909,3;908,6;1645,4;24;19;24,3;22,5;19,4;18,3;79;72;74;46;7,5;3;
2024/02/09;1300 UTC;0;909,5;909,5;909,2;2426,4;25,8;19,3;25,9;23,9;20;18,7;74;67;67;13;7,4;2,5;
2024/02/09;1400 UTC;0;909,4;909,5;909,3;3050;27,6;20,3;27,9;25,8;20,9;19,2;70;62;64;349;7,3;3;
2024/02/09;1500 UTC;0;909,3;909,4;909,2;3100,1;28,1;20;29;27,2;20,8;18,7;66;58;62;344;7,6;2,7;
2024/02/09;1600 UTC;0;909;909,3;908,9;2634,9;29,6;19,9;29,6;27,3;20,6;18,5;63;54;56;352;8,1;1,6;
2024/02/09;1700 UTC;0;908,6;909;908,6;2349,3;28,4;18,8;30,3;28;20,6;17,3;59;49;56;335;6,6;2,6;
2024/02/09;1800 UTC;0;907,9;908,6;907,9;2769,9;29,7;18,9;31,5;28,4;20,4;17,7;59;48;52;328;6,8;2;
2024/02/09;1900 UTC;0;906,9;907,9;906,9;1851,1;28,1;17,5;30,7;28,1;19,8;17,5;55;48;53;332;5,5;1,8;
2024/02/09;2000 UTC;0;906,6;907,1;906,6;986,1;28;19,1;29,1;27,2;19,7;17,8;60;52;59;326;6,7;1;
2024/02/09;2100 UTC;0;906,7;906,7;906,4;904,6;26,1;20,1;29;26,1;20,2;18,1;70;53;70;207;3,7;,3;
2024/02/09;2200 UTC;0;907,3;907,3;906,6;281,5;24;19,1;26;24;20,3;19,1;77;70;74;111;3,5;1,3;
2024/02/09;2300 UTC;0;907,5;907,6;907,2;13,4;22,4;18,1;23,9;22,4;19,1;18,1;77;74;77;125;3,7;1,4;
2024/02/10;0000 UTC;0;908,3;908,3;907,5;;22,7;17,8;22,7;22,3;18,1;17,6;77;73;74;120;4;1,4;
2024/02/10;0100 UTC;0;908,8;908,8;908,3;;23;17,9;23,3;22,7;18;17,8;74;72;73;105;5,2;2,3;
2024/02/10;0200 UTC;0;908,9;909;908,8;;22,6;17,7;23;22,4;18;17,6;76;73;74;89;5,2;2,5;
2024/02/10;0300 UTC;0;908,8;908,9;908,8;;22,3;17,8;22,6;22,2;17,9;17,6;76;74;76;81;4,4;1,9;
2024/02/10;0400 UTC;0;908,6;908,8;908,6;;22;18,3;23;22;18,3;17,6;80;72;80;86;7;2,1;
2024/02/10;0500 UTC;0;908,5;908,6;908,3;;22,7;18,6;22,7;21,6;18,8;18,3;82;78;78;46;7,6;3,4;
2024/02/10;0600 UTC;0;908,1;908,6;908,1;;21,8;18,5;22,7;21,8;18,8;18,5;82;78;82;72;8,9;2,7;
2024/02/10;0700 UTC;0;908;908,1;907,8;;21,7;18;22;21,5;18,6;18;82;79;80;70;9,3;2,4;
2024/02/10;0800 UTC;0;908,2;908,2;908;;20,8;17,7;21,7;20,8;18;17,7;83;80;83;51;8,5;2,6;
2024/02/10;0900 UTC;0;908,2;908,2;908;;19,8;17,4;20,9;19,8;17,8;17,4;86;82;86;109;5,3;,7;
2024/02/10;1000 UTC;0;908,9;908,9;908,2;137;20,5;17,5;20,5;19,5;17,5;17,2;87;82;83;56;9,4;4,6;
2024/02/10;1100 UTC;0;909,6;909,6;908,9;689,7;21,7;17,9;21,7;20,5;18;17,5;83;79;79;47;9,4;1,7;
2024/02/10;1200 UTC;0;910,2;910,3;909,6;1648,9;23,4;17,9;23,5;21,7;18,5;17,6;79;71;71;28;8,1;2,9;
2024/02/10;1300 UTC;0;910,6;910,6;910,2;2434,4;25,5;18,1;25,8;23,3;19,1;17,6;72;62;64;48;7,5;2;
2024/02/10;1400 UTC;0;910,5;910,6;910,4;3041,2;27,3;17,5;27,6;25,6;19,1;17,1;67;55;55;25;7,1;1,6;
2024/02/10;1500 UTC;0;910,3;910,6;910,3;3468,2;28,4;18,2;29,2;27,2;19,5;17,5;59;51;54;348;9,7;4,2;
2024/02/10;1600 UTC;0;910,2;910,4;910,1;3580;29,6;18,9;29,6;28,1;19,3;17,4;56;50;53;12;7,6;2,5;
2024/02/10;1700 UTC;0;909,7;910,2;909,7;3098,1;28,9;18,6;30,3;28,5;19,5;17,4;56;47;54;352;8,7;3,5;
2024/02/10;1800 UTC;0;909,1;909,7;909,1;3040;29,7;17,9;30,7;28,6;20;17,7;56;49;49;338;7,4;2,1;
2024/02/10;1900 UTC;0;908,1;909,1;908,1;2014,7;28,3;18,7;31,1;28;20,4;17,7;57;48;56;347;6,6;2,1;
2024/02/10;2000 UTC;,4;908,1;908,2;907,8;1351,7;22,2;19,7;30,9;22,2;20,2;16,8;86;48;86;91;9,3;3,2;
2024/02/10;2100 UTC;0;907,7;908,1;907,7;649,2;25,4;18,4;26;22,2;20;17,4;87;60;65;13;9,3;1,9;
2024/02/10;2200 UTC;0;908;908,1;907,7;308,6;24,3;19,3;25,6;24,3;19,4;18,3;74;64;74;336;6,2;3,5;
2024/02/10;2300 UTC;0;908,7;908,7;907,9;4,7;23,9;17,1;24,3;23,7;19,3;16,7;74;63;66;293;6;2,8;
2024/02/11;0000 UTC;0;909,4;909,4;908,7;;24,6;17,4;25;23,8;17,4;17,1;67;62;64;279;3,8;0;
2024/02/11;0100 UTC;0;910;910;909,4;;23,4;18,6;24,7;23,4;18,8;16,9;75;62;75;181;0;0;
2024/02/11;0200 UTC;0;910,2;910,2;910;;22,3;18,7;23,4;22,3;19;18,4;80;74;80;118;2;,7;
2024/02/11;0300 UTC;0;910,1;910,2;910;;21,8;19,1;22,8;21,6;19,2;18,7;85;79;85;68;3,2;,9;
2024/02/11;0400 UTC;0;909,8;910,2;909,8;;22,6;18,6;22,8;21,8;19,1;18,6;85;78;78;87;3,4;,9;
2024/02/11;0500 UTC;0;909,4;909,8;909,3;;22,6;18,4;23;22,4;18,9;18,3;79;76;77;57;8,2;2,9;
2024/02/11;0600 UTC;0;909,2;909,4;909,1;;22,1;18,5;22,6;22,1;18,6;18,4;80;77;80;66;8,6;2,7;
2024/02/11;0700 UTC;0;909;909,2;908,9;;21,5;18,7;22,1;21,5;18,8;18,5;84;80;84;56;8;2,4;
2024/02/11;0800 UTC;0;908,8;909;908,7;;21,2;18,6;21,5;21,2;18,8;18,6;85;84;85;52;7,4;3,4;
2024/02/11;0900 UTC;0;909,2;909,2;908,8;;21,3;18,4;21,4;21,2;18,7;18,4;85;83;84;57;7;2,9;
2024/02/11;1000 UTC;0;909,9;909,9;909,2;108,7;21,6;18,4;21,6;21,2;18,5;18,3;84;82;82;45;7,3;3,1;
2024/02/11;1100 UTC;0;910;910;909,8;826,9;23,4;17,7;23,4;21,6;18,4;17,7;82;70;70;51;7;2,9;
2024/02/11;1200 UTC;0;910,6;910,6;910;1667,4;24,5;18,1;24,6;23,4;18,4;17,4;72;67;68;16;8,5;2,5;
2024/02/11;1300 UTC;0;910,8;910,8;910,5;2447,9;26,7;17,6;26,7;24,3;18,3;16,9;69;56;58;13;8;1,6;
2024/02/11;1400 UTC;0;910,7;910,9;910,6;3042;28,7;17,9;28,7;26,5;18,8;16,5;59;51;52;21;7,1;1,8;
2024/02/11;1500 UTC;0;910,7;910,8;910,6;3476,6;29,7;17,7;29,9;28,4;18,3;16,4;54;46;49;352;7,8;2,7;
2024/02/11;1600 UTC;0;910,3;910,7;910,3;3367;30,4;18,1;30,7;28,8;18,9;16,4;51;44;48;332;7,8;2,5;
2024/02/11;1700 UTC;0;909,9;910,3;909,9;3612,1;30,7;16,6;31,8;30,2;19,2;15,2;51;38;43;296;5,7;1,7;
2024/02/11;1800 UTC;0;909,2;910;909,2;3326,4;31,9;19,4;32,6;30,1;19,4;15,6;48;36;48;322;5,8;2,3;
2024/02/11;1900 UTC;0;908,1;909,2;908,1;2759;32,1;17,2;32,8;30,6;19,6;15,7;48;38;41;103;5,8;,4;
2024/02/11;2000 UTC;0;907,4;908,1;907,4;573,6;28,8;17,9;32,1;28,8;18,6;15,6;52;40;52;11;3,2;,2;
2024/02/11;2100 UTC;0;907,4;907,4;907,3;718,5;29,2;17;30,1;28,6;18,2;16,2;53;44;48;318;2,5;0;
2024/02/11;2200 UTC;0;907,3;907,4;907,2;216,4;28,3;15,4;29,2;27,9;17,4;15,4;49;46;46;100;2,1;0;
2024/02/11;2300 UTC;0;908;908;907,3;6,3;26,8;16,2;28,5;26,8;16,3;15,4;52;45;52;122;2,1;,5;
2024/02/12;0000 UTC;0;908,8;908,8;908;;24,9;18;26,8;24,9;18;16,3;65;52;65;111;3,6;1,2;
2024/02/12;0100 UTC;0;909,4;909,4;908,8;;24,8;18,4;25;24,7;18,4;18;68;65;68;103;5;2,1;
2024/02/12;0200 UTC;0;909,3;909,4;909,2;;23,7;18;24,8;23,7;18,5;17,9;70;68;70;63;4;,3;
2024/02/12;0300 UTC;0;909,4;909,4;909,3;;24,4;17,5;24,7;23,6;18;17,4;71;65;65;73;2,5;,1;
2024/02/12;0400 UTC;0;909,3;909,4;909,3;;23,7;17,7;24,4;23,7;17,7;17,3;69;65;69;81;3,5;,6;
2024/02/12;0500 UTC;0;909;909,4;909;;23,6;17,4;24,1;23,2;17,8;17,3;71;67;69;11;3,2;2,3;
2024/02/12;0600 UTC;0;908,4;909;908,4;;23,4;17,2;23,9;23,3;17,4;16,9;69;65;68;359;4,7;2,8;
2024/02/12;0700 UTC;0;908;908,5;908;;22,9;17,2;23,8;22,9;17,3;17,1;70;67;70;351;6,1;2,4;
2024/02/12;0800 UTC;0;908,2;908,2;907,9;;23,1;17,2;23,3;22,8;17,3;17,1;71;69;69;35;4,1;1,3;
2024/02/12;0900 UTC;0;908,2;908,2;908,1;;23,6;16,2;23,9;23,1;17,2;16,1;69;62;63;354;4,6;2;
2024/02/12;1000 UTC;0;908,5;908,5;908,2;121,7;23,7;16,7;23,8;23,4;16,7;16,1;65;63;65;5;6,1;1,9;
2024/02/12;1100 UTC;0;908,7;908,8;908,5;809,4;23,9;17,4;24;23,7;17,6;16,6;68;64;67;1;8,5;3,7;
2024/02/12;1200 UTC;0;909,2;909,2;908,6;1668,5;25,5;17,8;25,6;23,9;18,5;17,3;67;62;63;354;9,7;3,8;
2024/02/12;1300 UTC;0;909,5;909,5;909,2;2447,2;27,2;18,8;27,2;25,5;19,1;17,5;64;60;60;340;8,7;4,1;
2024/02/12;1400 UTC;0;909,4;909,6;909,4;3053,2;28;19,7;28;26,7;19,8;18,3;63;59;61;341;9;4,6;
2024/02/12;1500 UTC;0;909,1;909,5;909;3168,6;29,2;19,5;29,3;27,4;20,7;18,6;63;54;56;341;9,4;4,7;
2024/02/12;1600 UTC;0;908,8;909,1;908,8;3792,3;30,6;19,1;30,8;28,9;20,5;18,3;57;49;50;336;9,4;4,1;
2024/02/12;1700 UTC;0;908,2;908,9;908,1;2935,7;30,9;19;31,5;28,9;20,9;16,8;55;45;49;343;10,7;5;
2024/02/12;1800 UTC;0;907,5;908,2;907,5;2755,4;29,1;17;31,8;29;19,5;16,7;51;43;48;347;9,8;4,6;
2024/02/12;1900 UTC;0;906,9;907,5;906,9;2900,1;31;16,7;31,8;29,1;18,5;15,5;49;39;42;326;11,1;4,5;
2024/02/12;2000 UTC;0;906,3;906,9;906,3;2182,5;30,2;16,7;31,1;30,2;17,1;15,7;45;41;44;329;10,9;5;
2024/02/12;2100 UTC;0;906,2;906,3;906,1;1313,7;29,1;17,4;30,2;29,1;17,6;16,3;49;43;49;319;10,1;5,2;
2024/02/12;2200 UTC;0;906,6;906,6;906,1;443,7;27,3;18,7;29,1;27,3;18,7;17,1;59;49;59;342;9,3;4;
2024/02/12;2300 UTC;0;907,2;907,2;906,5;7,8;26,3;19,2;27,3;26,3;19,2;18,7;65;59;65;350;7,5;3,9;
2024/02/13;0000 UTC;0;907,6;907,6;907,2;;25,6;19,1;26,3;25,6;19,2;19,1;68;65;67;351;7,4;3,7;
2024/02/13;0100 UTC;0;908,4;908,4;907,6;;25,1;19,1;25,6;25,1;19,2;19;69;67;69;350;7,1;4;
2024/02/13;0200 UTC;0;908,6;908,7;908,4;;24,8;19,4;25,1;24,7;19,4;19,1;72;69;72;350;8,2;5;
2024/02/13;0300 UTC;0;908,6;908,8;908,6;;24,3;19,5;24,9;24;19,6;19,4;76;72;75;347;8,2;4,3;
2024/02/13;0400 UTC;0;908,2;908,6;908,1;;23,9;19,5;24,4;23,8;19,6;19,5;77;74;77;348;9,8;5,4;
2024/02/13;0500 UTC;0;908;908,2;908;;23,4;19,5;23,9;23,3;19,6;19,4;79;77;79;347;9,1;4,2;
2024/02/13;0600 UTC;0;907,6;908;907,6;;23;19,5;23,4;23;19,6;19,4;80;79;80;344;7,3;4;
2024/02/13;0700 UTC;0;907,2;907,6;907,2;;22,6;19,4;23;22,5;19,5;19,4;83;80;82;345;7,7;4,6;
2024/02/13;0800 UTC;0;907,5;907,6;907,2;;22,6;19,4;22,6;22,4;19,5;19,4;83;82;82;342;8,9;4,6;
2024/02/13;0900 UTC;0;907,9;907,9;907,5;;22,1;19,6;22,6;22;19,6;19,4;86;82;85;344;8,8;4,3;
2024/02/13;1000 UTC;0;908,8;908,8;907,9;165,9;22,4;20;22,5;21,9;20,1;19,5;88;85;86;322;9,3;4,8;
2024/02/13;1100 UTC;8,6;909,6;909,7;908,6;164;20,4;19,8;22,4;20,3;20;19,3;97;86;97;318;17,6;5,6;
2024/02/13;1200 UTC;2,2;909,9;910;909,6;203,4;21,2;20,7;21,2;20,3;20,7;19,8;97;97;97;336;9,7;3,8;
2024/02/13;1300 UTC;0;910,5;910,5;909,9;1015;22,6;21;22,7;21,2;21,7;20,7;97;91;91;315;9,6;5,9;
2024/02/13;1400 UTC;0;910,7;910,8;910,5;1139,3;23,6;21,1;23,6;22,5;21,4;20,3;92;85;85;306;10,8;4,4;
2024/02/13;1500 UTC;0;910,2;910,8;910,2;1498,5;24,4;20,3;24,6;23;21;20;87;77;78;299;10,3;4,4;
2024/02/13;1600 UTC;0;909,8;910,2;909,8;1501,1;24,7;20,6;24,8;23,8;20,9;19,7;79;76;78;303;9,5;3,3;
2024/02/13;1700 UTC;0;909,4;909,8;909,4;1256,4;24,5;20,6;25,1;24,2;21,1;19,9;79;76;79;290;7,3;3,3;
2024/02/13;1800 UTC;0;908,8;909,4;908,8;1920,4;25,4;20,6;25,9;24,5;21,5;20,1;79;72;74;287;7,8;3,7;
2024/02/13;1900 UTC;0;908,4;908,8;908,4;1194,9;24,8;20,3;25,9;24,7;21,3;20,1;78;72;76;272;7,8;1,7;
2024/02/13;2000 UTC;0;908,5;908,6;908,4;641;24,4;20;25,1;24,4;20,7;19,8;77;74;76;265;4,5;2,4;
2024/02/13;2100 UTC;0;908,3;908,6;908,2;405,7;23,7;20,3;24,6;23,7;20,4;19,9;81;76;81;300;4,8;,7;
2024/02/13;2200 UTC;4,2;908,5;908,5;908,1;41,9;20,6;19,7;23,7;20,6;20,3;19,6;95;81;95;236;7,9;,8;
2024/02/13;2300 UTC;,6;908,7;908,7;908,5;1;20,8;19,8;20,8;20,4;19,9;19,6;95;94;94;282;3,3;,7;
2024/02/14;0000 UTC;0;909,2;909,2;908,7;;20,7;19,4;20,8;20,3;19,7;19,1;94;92;92;237;3,3;0;
2024/02/14;0100 UTC;0;909,7;909,7;909,2;;20,6;19,5;20,9;20,4;19,6;19,1;94;91;93;17;0;0;
2024/02/14;0200 UTC;0;909,7;909,8;909,6;;20,6;19,5;20,7;20,2;19,6;19,1;94;93;93;325;2,7;1,8;
2024/02/14;0300 UTC;0;909,1;909,7;909,1;;20,2;19,1;20,7;20,2;19,5;19,1;93;93;93;312;2,7;1,2;
2024/02/14;0400 UTC;0;908,7;909,1;908,7;;20;19,3;20,3;20;19,4;19;95;93;95;337;3,4;2,1;
2024/02/14;0500 UTC;0;908,6;908,8;908,6;;20;19,4;20,1;19,9;19,4;19,2;96;95;96;333;4,4;2,2;
2024/02/14;0600 UTC;0;908,1;908,6;908,1;;19,8;19,3;20;19,8;19,4;19,3;97;96;97;341;4,4;3;
2024/02/14;0700 UTC;0;908,1;908,2;908;;19,8;19,3;19,8;19,7;19,3;19,3;97;97;97;332;5,3;2,9;
2024/02/14;0800 UTC;,2;908,1;908,2;908;;19,7;19,2;19,8;19,6;19,3;19,2;97;97;97;334;5,3;2;
2024/02/14;0900 UTC;0;908,5;908,5;908,1;;19,7;19,2;19,7;19,6;19,3;19,1;97;97;97;329;5,5;2,9;
2024/02/14;1000 UTC;0;908,9;909;908,4;42,9;19,9;19,5;20;19,7;19,5;19,2;97;97;97;322;5,3;1,1;
2024/02/14;1100 UTC;0;909,3;909,3;908,9;226,6;20,4;19,9;20,4;19,9;19,9;19,6;97;97;97;334;3,8;,7;
2024/02/14;1200 UTC;0;909,7;909,7;909,3;431,9;21;20,5;21;20,3;20,6;19,8;97;97;97;316;3,4;2;
2024/02/14;1300 UTC;0;909,9;909,9;909,7;848,7;22,3;21,8;22,3;20,9;21,8;20,5;97;97;97;304;5,2;2,5;
2024/02/14;1400 UTC;0;909,8;909,9;909,8;1447,1;23,8;21,9;23,8;22,2;22,8;21,7;97;89;90;324;5,7;2;
2024/02/14;1500 UTC;0;909,3;909,8;909,3;1818,3;23,8;21,1;24,9;23,7;22,3;20,9;90;82;85;336;5,5;2,5;
2024/02/14;1600 UTC;0;908,6;909,3;908,6;2386,7;24,7;21,2;27,1;23,8;23,9;20,4;87;76;81;321;7,2;3,4;
2024/02/14;1700 UTC;,4;907,8;908,6;907,8;1608,7;23,7;21,9;26,7;23,2;23;20,6;91;74;90;318;7,2;3,8;
2024/02/14;1800 UTC;10;908,1;908,1;907,7;222,5;21,4;20,8;23,8;21,1;22;20,3;96;89;96;198;7,2;2,7;
2024/02/14;1900 UTC;2,8;907,7;908,1;907,7;162,4;20,9;20,3;21,4;20,8;20,7;20,3;97;96;97;201;6,8;2,7;
2024/02/14;2000 UTC;0;907,5;907,7;907,4;703,7;21,8;21,2;22,4;20,8;21,8;20,3;97;97;97;186;5,1;1,4;
2024/02/14;2100 UTC;0;907,6;907,6;907,4;284,1;21,1;20,6;21,9;21;21,3;20,5;97;97;97;156;4,9;1,2;
2024/02/14;2200 UTC;0;908,1;908,1;907,5;66,3;20,7;20,2;21,2;20,7;20,6;20,2;97;97;97;134;3,5;,7;
2024/02/14;2300 UTC;0;908,4;908,4;908,1;8;20,3;19,8;20,7;20,2;20,2;19,7;97;97;97;125;5,1;,9;
2024/02/15;0000 UTC;0;908,6;908,8;908,4;;20,2;19,7;20,3;20,2;19,8;19,7;97;97;97;119;4,1;1;
2024/02/15;0100 UTC;0;908,5;908,7;908,5;;20,3;19,8;20,3;20,1;19,8;19,6;97;97;97;125;3,1;,6;
2024/02/15;0200 UTC;0;908,4;908,5;908,4;,4;20,3;19,8;20,4;20,3;19,9;19,8;97;97;97;103;3,4;1;
2024/02/15;0300 UTC;0;908,1;908,5;908,1;,8;19,3;18,9;20,3;19,3;19,9;18,9;97;97;97;38;5,1;2;
2024/02/15;0400 UTC;0;907,6;908,1;907,6;,3;18,5;17,7;19,3;18,5;18,9;17,7;97;95;95;22;6,6;3,3;
2024/02/15;0500 UTC;0;907,2;907,6;907,2;;18;17,1;18,6;18;17,7;17,1;95;93;94;15;7,6;3,3;
2024/02/15;0600 UTC;0;907,2;907,3;907,1;;18;17,1;18,1;17,8;17,1;16,9;95;94;94;17;8,8;3,4;
2024/02/15;0700 UTC;0;907,3;907,3;907;;17,9;17;18;17,8;17,1;17;95;94;94;28;9,3;3,1;
2024/02/15;0800 UTC;0;907,6;907,6;907,3;0;17,7;16,8;18;17,7;17;16,8;94;94;94;37;9,4;3,5;
2024/02/15;0900 UTC;0;907,7;907,8;907,5;;17,4;16,7;17,8;17,4;16,9;16,7;96;94;96;58;9,4;3,4;
2024/02/15;1000 UTC;0;908,1;908,1;907,6;54,8;17,6;16,4;17,6;17,4;16,7;16,4;96;93;93;50;7,5;3,2;
2024/02/15;1100 UTC;0;908,4;908,4;908,1;293,6;18,1;16,4;18,1;17,6;16,5;16,3;93;90;90;40;8;4,2;
2024/02/15;1200 UTC;3,8;908,8;908,8;908,3;493,8;17,3;16,7;18,5;17,2;16,7;16,3;96;88;96;48;10,2;4,4;
2024/02/15;1300 UTC;9;909,2;909,3;908,8;284;17,5;17;17,7;17,3;17,1;16,7;97;96;97;51;8,5;2,8;
2024/02/15;1400 UTC;2;909,1;909,2;909;435,7;18;17,6;18,5;17,5;18,1;17;97;97;97;84;6,7;,9;
2024/02/15;1500 UTC;6;909;909,4;909;214,3;18,5;18;18,5;18;18;17,6;97;97;97;61;5,5;1,8;
2024/02/15;1600 UTC;9;909;909,2;909;411,4;18,9;18,4;18,9;18,4;18,5;18;97;97;97;71;5,4;1,3;
2024/02/15;1700 UTC;5,2;908,9;909,1;908,9;441,1;19,1;18,7;19,1;18,7;18,7;18,3;97;97;97;26;5,4;2,1;
2024/02/15;1800 UTC;2,6;908,6;908,9;908,6;623,2;19,6;19,2;19,7;19,1;19,3;18,7;97;97;97;85;5;,6;
2024/02/15;1900 UTC;,8;908;908,6;908;1287;20,7;20,2;21;19,6;20,5;19,2;97;97;97;74;3,7;,5;
2024/02/15;2000 UTC;,2;907,5;908;907,5;626,3;19,6;19,1;21;19,6;20,5;19,1;97;97;97;96;3,9;,6;
2024/02/15;2100 UTC;,2;907,5;907,5;907,4;171,4;19,5;19;19,7;19,4;19,2;19;97;97;97;83;3,1;,4;
2024/02/15;2200 UTC;0;907,6;907,6;907,5;47,1;19,3;18,9;19,5;19,3;19,1;18,9;97;97;97;88;5,3;,8;
2024/02/15;2300 UTC;0;907,8;907,8;907,5;3,8;18,8;18,4;19,3;18,8;18,8;18,4;97;97;97;54;5,4;2,1;
2024/02/16;0000 UTC;0;908;908;907,7;0;18,8;18,2;18,8;18,7;18,4;18,2;97;97;97;48;5,9;2,7;
2024/02/16;0100 UTC;0;908,3;908,3;908;,7;18,8;17,9;19;18,7;18,3;17,9;97;94;94;30;5,9;2,7;
2024/02/16;0200 UTC;0;908,3;908,4;908,2;;18,8;17,7;18,9;18,7;17,9;17,7;94;93;93;30;7,2;3,7;
2024/02/16;0300 UTC;0;907,9;908,3;907,9;;18,6;17,6;18,8;18,6;17,7;17,5;94;93;94;25;7,4;3,1;
2024/02/16;0400 UTC;0;907,7;908,1;907,7;,2;18,3;17,7;18,6;18,2;17,7;17,6;96;94;96;37;7,2;2,8;
2024/02/16;0500 UTC;0;907,4;907,7;907,3;;18,3;17,6;18,3;18,2;17,7;17,6;96;96;96;34;6,5;2,3;
2024/02/16;0600 UTC;0;906,9;907,4;906,9;;18,1;17,6;18,3;18,1;17,6;17,5;97;96;97;46;7,5;4;
2024/02/16;0700 UTC;,2;906,5;906,9;906,5;;18;17,5;18,1;18;17,6;17,5;97;97;97;41;8,6;2,5;
2024/02/16;0800 UTC;0;906,6;906,6;906,5;;17,9;17,5;18;17,9;17,5;17,4;97;97;97;50;7,6;2,3;
2024/02/16;0900 UTC;,8;906,7;906,7;906,5;;18;17,5;18;17,9;17,5;17,5;97;97;97;24;6,1;1,7;
2024/02/16;1000 UTC;,8;907,3;907,3;906,7;18,7;18,1;17,7;18,1;17,9;17,7;17,5;97;97;97;4;5,4;2,3;
2024/02/16;1100 UTC;,4;907,6;907,7;907,3;163,7;18,2;17,8;18,3;18,1;17,9;17,7;97;97;97;355;5,4;3,1;
2024/02/16;1200 UTC;0;908,1;908,1;907,7;310,9;18,7;18,2;18,8;18,2;18,3;17,8;97;97;97;353;6,1;2,7;
2024/02/16;1300 UTC;,6;908,3;908,3;908,1;427;19,3;18,9;19,4;18,6;19;18,2;97;97;97;351;5,5;1,6;
2024/02/16;1400 UTC;1,6;908,1;908,3;908,1;1016,3;20,4;19,9;20,5;19,3;20;19;97;97;97;335;4,3;1,9;
2024/02/16;1500 UTC;2;907,7;908,1;907,7;1202,8;21,3;20,8;21,3;20;20,8;19,6;97;97;97;277;6,5;2,4;
2024/02/16;1600 UTC;0;907,1;907,7;907,1;2698,9;24,2;21,2;24,7;21,2;22,2;20,6;97;81;83;316;4,6;1,8;
2024/02/16;1700 UTC;0;906,6;907,1;906,5;2937,3;24,3;20,2;26,4;24;22,4;19,4;86;71;78;311;6,1;3;
2024/02/16;1800 UTC;0;906,1;906,7;906,1;2113,2;23,8;20,4;26,3;22,4;21,8;19,2;87;72;81;293;8,3;3,5;
2024/02/16;1900 UTC;0;905,7;906,1;905,7;2027,3;25,6;21,8;26;23,7;22,1;19,3;81;71;80;196;8,5;,6;
2024/02/16;2000 UTC;0;905,4;905,7;905,3;1525,9;26;19,9;26,2;23,6;22,6;19,8;85;69;69;284;3,8;1,2;
2024/02/16;2100 UTC;0;905,4;905,4;905,2;923;22,8;19,9;26;22,8;20,3;18,9;84;66;84;190;6,1;2,5;
2024/02/16;2200 UTC;0;905,7;905,7;905,4;120,7;20,6;19,6;22,8;20,6;20,2;19,6;94;84;94;145;6;1,1;
2024/02/16;2300 UTC;0;905,8;905,9;905,6;7,9;19,9;19,3;20,6;19,8;19,7;19,2;96;94;96;157;3,3;1,1;
2024/02/17;0000 UTC;0;906,2;906,2;905,8;;19,6;19,1;19,9;19,5;19,3;18,9;97;96;97;147;2,7;1,4;
2024/02/17;0100 UTC;0;906,7;906,7;906,2;;19,6;18,8;19,8;19,5;19,2;18,8;97;95;95;114;3,2;1,1;
2024/02/17;0200 UTC;0;906,7;906,8;906,6;;19,5;18,7;19,6;19,3;18,8;18,5;96;95;96;88;3,3;1,8;
2024/02/17;0300 UTC;0;906,5;906,7;906,5;;19,6;18,5;19,7;19,4;18,8;18,4;96;93;93;21;3,8;2,1;
2024/02/17;0400 UTC;0;906;906,5;906;;19,1;18,1;19,7;19,1;18,5;18,1;94;92;94;14;6,8;2,8;
2024/02/17;0500 UTC;0;905,5;906,1;905,5;;19;18,2;19,1;19;18,3;18,1;95;94;95;14;6,1;3;
2024/02/17;0600 UTC;0;905,2;905,5;905,2;;18,8;18;19;18,8;18,3;18;95;95;95;24;6,4;2,5;
2024/02/17;0700 UTC;,2;905,2;905,3;905,1;;18,6;17,9;18,8;18,5;18;17,8;96;95;96;6;5,8;2,5;
2024/02/17;0800 UTC;0;905,3;905,3;905,1;;18,9;18,1;18,9;18,5;18,1;17,9;96;95;95;11;7,5;2,8;
2024/02/17;0900 UTC;0;905,7;905,7;905,3;;18,9;18,1;18,9;18,8;18,2;18,1;96;95;95;19;6,4;2,5;
2024/02/17;1000 UTC;0;906,3;906,4;905,7;97,3;19,1;18,3;19,1;18,8;18,3;18,1;95;95;95;350;5,6;3,4;
2024/02/17;1100 UTC;0;907;907;906,3;585,1;19,8;18,6;19,9;19;18,9;18,2;95;92;93;356;6,2;2,3;
2024/02/17;1200 UTC;0;907,1;907,1;906,9;851,2;20,5;19,3;21,1;19,8;19,7;18,5;94;89;93;351;4,9;2;
2024/02/17;1300 UTC;0;907;907,1;906,9;1919,3;23,1;19,1;23,4;20,4;20,6;18,6;93;78;78;346;5,9;1,6;
2024/02/17;1400 UTC;0;907;907,1;906,9;2485,5;23,8;19,9;24,3;21,8;20,5;18;86;73;79;329;6,3;3,6;
2024/02/17;1500 UTC;0;906,7;907;906,7;2951,3;25,3;18,8;25,6;23,3;20,6;18,2;80;67;67;330;7;2,9;
2024/02/17;1600 UTC;0;906,5;906,7;906,5;3250,7;25,8;18,8;26,3;23,9;19,5;17;69;60;65;313;7,9;2,7;
2024/02/17;1700 UTC;0;906,2;906,6;906,2;2943,3;26,9;17,5;27,2;24,5;19,7;16,1;69;55;57;319;7,3;2,9;
2024/02/17;1800 UTC;0;905,5;906,2;905,5;1788,5;25,5;17,2;27,7;24,6;18,8;14,9;65;51;60;318;6;1,8;
2024/02/17;1900 UTC;0;904,6;905,5;904,6;2744,6;27,3;16,4;27,5;25,5;18,5;15,8;62;50;51;312;7,1;3;
2024/02/17;2000 UTC;0;904,2;904,6;904,2;2180,3;26,4;15,9;27,4;26,4;17,6;14,7;56;47;53;296;7,1;3;
2024/02/17;2100 UTC;0;904,1;904,3;904;1255,1;25;15,4;27;25;16,5;14,6;55;48;55;272;5,8;1,7;
2024/02/17;2200 UTC;0;904,3;904,3;904,1;442,9;24,2;15,3;25,9;24,2;15,9;15;57;52;57;279;2,9;1,3;
2024/02/17;2300 UTC;0;904,4;904,4;904,2;4,1;23,4;14,3;24,2;23,3;15,5;13,8;59;55;57;250;1,9;1;
2024/02/18;0000 UTC;0;904,9;904,9;904,4;;22,2;15,9;23,3;22,2;15,9;14,3;67;57;67;170;2,7;0;
2024/02/18;0100 UTC;0;905,3;905,4;904,9;;22;16,1;22,3;21,8;16,3;15,9;71;67;69;113;0;0;
2024/02/18;0200 UTC;0;905,5;905,6;905,3;;22,2;15,9;22,4;21,9;16,1;15,8;69;67;67;172;1,7;0;
2024/02/18;0300 UTC;0;905,6;905,7;905,5;;21,2;16,2;22,4;21;16,2;15,9;74;67;73;35;1,7;0;
2024/02/18;0400 UTC;0;905,4;905,7;905,4;;20,4;18,1;21,4;20,3;18,1;16,1;87;72;87;41;6,1;2,9;
2024/02/18;0500 UTC;0;905,3;905,5;905,1;;19,8;17,6;20,4;19,7;18,1;17,6;89;87;88;68;6,9;1,9;
2024/02/18;0600 UTC;0;905,2;905,3;905,1;;19,6;17,3;19,8;19,5;17,7;17,3;88;86;87;55;6,6;2,9;
2024/02/18;0700 UTC;0;905,1;905,2;905;;18,8;17,1;19,7;18,8;17,3;17;90;86;90;61;7,2;1,8;
2024/02/18;0800 UTC;0;905,1;905,1;905;;19;17,1;19,2;18,8;17,3;17,1;90;88;89;39;5,8;2,6;
2024/02/18;0900 UTC;0;905;905,1;904,9;;18,5;16,9;19,1;18,5;17,2;16,9;90;89;90;55;7,3;2,4;
2024/02/18;1000 UTC;0;905,4;905,4;905;103;19,5;17,3;19,5;17,9;17,3;16,5;93;87;87;46;5,2;2,8;
2024/02/18;1100 UTC;0;905,8;905,8;905,4;774,1;21,5;18;21,5;19,5;18;17,3;87;80;81;54;5,6;2,1;
2024/02/18;1200 UTC;0;906,3;906,3;905,8;1652,1;23,5;18,9;23,5;21,4;19;17,7;81;75;75;55;5,8;1,8;
2024/02/18;1300 UTC;0;906,4;906,5;906,3;2357,5;24;18,9;24;22,9;19,6;18,1;79;72;73;23;6,4;2,8;
2024/02/18;1400 UTC;0;906,3;906,5;906,3;2618,6;26,1;20;26,1;24;20,7;18,6;76;68;69;357;6,1;1,8;
2024/02/18;1500 UTC;0;905,7;906,3;905,7;2899,3;26,8;19,4;27,5;24,2;20,8;18,6;74;61;64;353;6,9;1,8;
2024/02/18;1600 UTC;0;905;905,7;905;2339,5;26,2;20;27,6;25,1;21,5;17,9;72;61;69;346;6,2;2,9;
2024/02/18;1700 UTC;0;904,3;905;904,3;2915,7;27,7;16,9;28,7;25,9;20;16,9;68;51;52;309;5,5;1,2;
2024/02/18;1800 UTC;0;903,2;904,3;903,2;2039,2;27,2;16,5;28,8;25,9;20,1;15,4;63;49;52;26;5;1,2;
2024/02/18;1900 UTC;0;902,6;903,2;902,6;893,9;26,8;18,1;27,8;26,1;18,2;16;60;51;59;229;4,2;0;
2024/02/18;2000 UTC;0;902,5;902,6;902,3;1678,1;25,4;16,8;27,5;25,4;19,4;14,5;64;48;59;114;5,8;1;
2024/02/18;2100 UTC;0;902,2;902,7;902,2;348,2;23;18,2;25,4;23;18,7;16,6;74;58;74;320;6,2;3,8;
2024/02/18;2200 UTC;0;902,3;902,3;902;37,5;22,4;17,8;23;22,3;18,1;17,6;76;73;76;318;6,2;2,9;
2024/02/18;2300 UTC;0;902,7;902,7;902,3;;22,4;15,9;22,4;21,6;17,9;15,7;78;67;67;313;6,3;3,5;
2024/02/19;0000 UTC;0;903,4;903,4;902,7;;22,3;16,7;22,5;22;16,8;15,5;71;65;70;268;4,9;2,2;
2024/02/19;0100 UTC;0;904,2;904,2;903,4;;21,2;17,2;22,9;21,1;17,2;16;78;65;78;360;5,3;2,8;
2024/02/19;0200 UTC;0;904,2;904,2;904;;20,7;17,2;21,2;20,7;17,4;16,8;80;76;80;20;5,4;,8;
2024/02/19;0300 UTC;0;903,9;904,2;903,8;;20,6;17,4;20,7;20,5;17,4;17,2;82;80;82;11;6,3;2,4;
2024/02/19;0400 UTC;0;903,4;904;903,4;;19,7;17,7;20,6;19,7;17,7;17,4;88;82;88;8;6,3;2,1;
2024/02/19;0500 UTC;0;903;903,4;903;;19,6;17,2;20;19,5;17,7;17;88;84;86;5;5,9;2,3;
2024/02/19;0600 UTC;0;902,6;903;902,6;;19,6;17,4;19,7;19,4;17,5;17,1;88;86;87;15;5;2,3;
2024/02/19;0700 UTC;0;902,7;902,7;902,4;;19,7;17,3;19,9;19,6;17,4;17,2;87;85;86;14;5,1;2;
2024/02/19;0800 UTC;0;902,7;902,7;902,6;;19,2;17,4;19,7;19,2;17,5;17,2;90;86;89;11;5;2;
2024/02/19;0900 UTC;0;902,9;902,9;902,7;;18,9;16,5;19,3;18,9;17,4;16,5;90;86;86;357;7,3;3,7;
2024/02/19;1000 UTC;0;903;903;902,8;13,8;18,6;16,2;18,9;18,6;16,5;16,1;86;85;86;4;7,9;4,2;
2024/02/19;1100 UTC;0;903,4;903,5;903;257,9;19,1;16,7;19,1;18,6;16,7;16,2;86;85;86;354;7;4,3;
2024/02/19;1200 UTC;0;904;904;903,4;173,5;18,9;17;19,1;18,8;17;16,6;89;86;89;1;6,5;3,5;
2024/02/19;1300 UTC;0;904,3;904,3;904;450;19,8;17,9;19,8;18,9;18;17;90;89;89;5;5,5;3,3;
2024/02/19;1400 UTC;0;904;904,3;904;950,7;20;17,6;20,8;19,7;18,7;17,6;90;85;87;352;6;3,6;
2024/02/19;1500 UTC;3,4;904;904,1;903,9;463,6;19,2;18,5;20;18,7;18,5;17,7;95;87;95;344;6;2,8;
2024/02/19;1600 UTC;,6;903,6;904;903,6;598,8;19,9;19,1;20;19,2;19,2;18,4;95;94;95;15;4,7;0;
2024/02/19;1700 UTC;4,6;902,8;903,6;902,8;342,9;19,1;18,4;20,1;19;19,2;18,3;96;94;96;21;2,8;,7;
2024/02/19;1800 UTC;,2;902,1;902,8;902,1;396,9;19,2;18,5;19,5;19,1;18,8;18,5;96;95;96;25;4,5;1,9;
2024/02/19;1900 UTC;,4;902;902,2;902;361,1;18,8;18,2;19,2;18,8;18,5;18,2;96;96;96;18;4,8;,8;
2024/02/19;2000 UTC;0;902,2;902,2;901,7;433,7;19,7;18,8;19,8;18,7;19;18,1;96;95;95;219;2,5;0;
2024/02/19;2100 UTC;0;902;902,2;901,6;255,4;18,8;18,1;19,7;18,8;18,8;18,1;96;95;96;57;4,7;1,9;
2024/02/19;2200 UTC;0;901,8;902;901,8;108;18,3;17,8;18,9;18,3;18,3;17,8;97;96;97;106;4,9;2,2;
2024/02/19;2300 UTC;0;902,1;902,1;901,7;,4;17,6;17,1;18,4;17,6;17,8;17,1;97;97;97;88;5,5;1,8;
2024/02/20;0000 UTC;0;902,2;902,3;902;;18,2;16,6;18,2;17,3;17,2;16,6;97;91;91;28;4,6;,9;
2024/02/20;0100 UTC;0;902,1;902,2;902;;17,4;16,2;18,2;17,4;16,5;16;93;89;93;110;5,1;0;
2024/02/20;0200 UTC;0;902,1;902,2;901,9;;17;16,5;17,4;17;16,8;16,1;97;93;97;129;5,6;1,9;
2024/02/20;0300 UTC;0;902,1;902,2;902;;16,5;16;17;16,5;16,4;16;97;97;97;119;6,3;1,6;
2024/02/20;0400 UTC;0;901,7;902,1;901,7;;16,3;15,9;16,5;16,3;16;15,9;97;97;97;128;2,9;,6;
2024/02/20;0500 UTC;0;900,9;901,7;900,9;;16,2;15,7;16,4;16;16;15,5;97;97;97;47;2,3;,5;
2024/02/20;0600 UTC;0;900,3;900,9;900,3;;16,1;15,5;16,3;16;15,8;15,4;97;96;96;65;3,8;1,3;
2024/02/20;0700 UTC;0;900,4;900,6;900,3;;17,3;16;17,3;16;16;15,4;96;92;92;43;5,8;2;
2024/02/20;0800 UTC;0;900,7;900,7;900,4;;17,4;15,5;17,6;17;16;15,4;92;88;89;25;5,9;2,6;
2024/02/20;0900 UTC;0;901,2;901,2;900,7;;17,1;15,5;17,4;17,1;15,7;15,5;90;89;90;51;5,4;1,3;
2024/02/20;1000 UTC;0;901,8;901,8;901,2;32,1;16,9;16;17,1;16,7;16;15,4;95;90;95;82;3,4;0;
2024/02/20;1100 UTC;0;902,3;902,3;901,7;695,2;19,4;16,9;19,7;16,9;17,3;16,1;95;84;85;99;3,2;1,5;
2024/02/20;1200 UTC;0;902,8;902,9;902,3;1356,1;21;17,6;21,1;19,4;18,3;16,6;87;81;81;83;3,5;1,1;
2024/02/20;1300 UTC;0;902,8;902,9;902,8;2043,4;22,5;18,1;22,8;19,6;19,3;17,3;89;76;76;64;5,4;1,6;
2024/02/20;1400 UTC;0;902,9;902,9;902,7;2285,9;22,9;18,8;23,9;21,2;19,5;17,3;82;71;78;104;5,4;,8;
2024/02/20;1500 UTC;,2;902,3;902,9;902,3;1891,2;22,8;18,4;25,4;22,1;20;17,4;80;70;76;323;3;,9;
2024/02/20;1600 UTC;,4;901,8;902,3;901,8;2292,9;23,8;20,6;24,2;22;21,6;18,6;88;76;82;130;3;,7;
2024/02/20;1700 UTC;,2;901,2;901,9;901,2;2874,3;26,2;21,8;26,2;22,3;22,3;19,3;89;74;77;151;3,6;1;
2024/02/20;1800 UTC;0;900,8;901,2;900,8;2754,8;24;19,3;26,3;24;21,8;19;77;69;75;143;4,1;1,4;
2024/02/20;1900 UTC;0;900,8;900,9;900,7;408,9;19,5;18,3;24;19,5;19,5;18,1;92;75;92;129;7;2,1;
2024/02/20;2000 UTC;,2;901,4;901,4;900,8;207,7;19;17,6;19,5;18,7;18,2;17,4;93;91;91;296;5,6;,4;
2024/02/20;2100 UTC;0;901,2;901,5;901,2;469,4;19,3;17,2;20,1;18,8;17,8;16,9;92;83;87;7;4,9;2,6;
2024/02/20;2200 UTC;0;901,8;901,8;901,2;174,6;19,2;17,2;20;19,2;17,5;16,6;88;81;88;52;3,3;1,1;
2024/02/20;2300 UTC;0;901,7;901,8;901,6;1,3;18,6;17,2;19,3;18,5;17,5;16,9;92;87;92;9;5;2,5;
2024/02/21;0000 UTC;0;902,3;902,3;901,7;;17,9;16,9;18,6;17,7;17,3;16,6;94;92;94;209;4,1;,2;
2024/02/21;0100 UTC;0;903;903,1;902,2;;17,4;16,6;18,2;17,3;17,2;16,5;95;93;95;55;2,2;,2;
2024/02/21;0200 UTC;0;903,1;903,2;903;;18,1;16,9;18,1;17,2;17,1;16,4;96;93;93;95;4,4;1;
2024/02/21;0300 UTC;0;902,8;903,1;902,8;;18,2;16,4;18,4;18;16,9;16,3;93;89;89;80;4,6;1,4;
2024/02/21;0400 UTC;0;902,7;902,9;902,6;;17,7;16,4;18,2;17,7;16,7;16;92;89;92;74;5,5;,9;
2024/02/21;0500 UTC;0;902,4;902,7;902,4;;17,6;16,4;17,8;17,4;16,6;16,2;93;92;92;76;5,2;1,1;
2024/02/21;0600 UTC;0;902,2;902,5;902,2;;17,1;16,1;17,7;17,1;16,4;16;94;92;94;81;4,1;1,6;
2024/02/21;0700 UTC;0;902,1;902,2;902;;17,2;15,5;17,7;16,9;16,2;15,5;94;90;90;105;6,5;1,1;
2024/02/21;0800 UTC;0;902,4;902,4;902,1;;16,6;15,4;17,4;16,6;15,8;15,4;93;90;92;95;4,6;,5;
2024/02/21;0900 UTC;0;902,8;902,8;902,4;;16,6;15,3;16,9;16,5;15,5;15,2;93;91;92;74;4,8;1,7;
2024/02/21;1000 UTC;0;903,4;903,4;902,8;59,7;17,7;15,1;17,7;16,2;15,2;14,9;92;84;84;47;6,1;3;
2024/02/21;1100 UTC;,2;904,3;904,3;903,4;630,9;18,9;16,1;18,9;17,7;16,6;15;87;82;84;69;6,6;1,1;
2024/02/21;1200 UTC;0;904,6;904,6;904,3;1618,5;21;17,1;21,2;18,9;17,8;15,8;84;78;78;83;5,9;2,3;
2024/02/21;1300 UTC;0;904,4;904,6;904,4;2429,2;23;17,8;23,1;21;18,4;16,4;82;72;72;73;5,5;1,3;
2024/02/21;1400 UTC;0;904,4;904,5;904,3;2960,4;24;18;24,1;22,4;19;16,7;77;67;69;43;5;,8;
2024/02/21;1500 UTC;0;903,8;904,4;903,8;1823,6;23,5;16,6;25,1;22,9;19,3;16,6;76;64;65;262;2,9;0;
2024/02/21;1600 UTC;0;903,2;903,8;903,2;2837,9;25,1;18,1;26,5;23,1;20,2;16,7;73;60;65;302;2,9;,8;
2024/02/21;1700 UTC;0;902,5;903,2;902,5;2982,4;26,5;18,2;27,3;24,7;20,5;17;72;57;60;106;3,4;,2;
2024/02/21;1800 UTC;0;901,8;902,4;901,8;2918,3;26,2;16,6;27,6;25,6;20;16,6;66;55;55;117;3,1;,2;
2024/02/21;1900 UTC;,6;901,3;901,8;901,3;907,2;22,4;18;26,8;21,8;19,1;17,2;84;55;76;131;4,9;,1;
2024/02/21;2000 UTC;0;901;901,3;901;1271,9;24,5;19;25,9;22,4;21;17,6;82;65;71;142;2,9;,2;
2024/02/21;2100 UTC;0;901;901;900,9;546,2;23,4;18,3;24,9;23,1;19,6;17,6;73;69;73;166;3,4;1,5;
2024/02/21;2200 UTC;0;901,4;901,4;901;314,3;22,8;17,2;23,5;22,8;18,3;17,2;73;70;71;160;5,2;1,4;
2024/02/21;2300 UTC;0;902;902;901,4;6,2;21;16,3;22,8;21;17,7;16,3;80;70;75;157;4,9;2,1;
2024/02/22;0000 UTC;0;902,9;902,9;902;;20,2;17,2;21;20,2;17,2;16,2;83;74;83;97;6,3;3;
2024/02/22;0100 UTC;0;903,1;903,2;902,9;;19,8;17,3;20,2;19,6;17,4;17,2;86;83;86;113;4,8;1,8;
2024/02/22;0200 UTC;0;903,1;903,1;903;;19,2;17,2;19,8;19,1;17,3;17,1;88;85;88;67;3,5;0;
2024/02/22;0300 UTC;0;903,1;903,2;903;;20,2;16,4;20,7;19,2;17,4;16,4;88;78;79;52;6,3;2,8;
2024/02/22;0400 UTC;0;902,9;903,1;902,9;;19,1;16,4;20,2;19,1;16,5;16,2;85;79;85;34;8,1;2,6;
2024/02/22;0500 UTC;0;902,8;902,9;902,8;;18,5;16,4;19,1;18,5;16,6;16,4;88;85;88;36;5,8;2,5;
2024/02/22;0600 UTC;0;902,5;902,8;902,5;;18,4;16,4;18,8;18,3;16,6;16,4;89;87;89;23;6;2,8;
2024/02/22;0700 UTC;0;902,5;902,5;902,4;;18,4;16,4;18,5;18,3;16,5;16,3;89;88;88;18;6,1;2,5;
2024/02/22;0800 UTC;0;902,5;902,6;902,5;;18,4;16,3;18,4;18,2;16,4;16,2;89;87;88;27;7,4;3;
2024/02/22;0900 UTC;0;902,8;902,9;902,5;;18,1;16,2;18,4;18,1;16,3;16,1;89;87;89;26;7,4;2,8;
2024/02/22;1000 UTC;0;903,3;903,3;902,7;82,4;18,7;16,3;18,7;17,9;16,4;16,1;89;86;86;18;8;2,7;
2024/02/22;1100 UTC;0;903,7;903,7;903,3;791,3;19,9;16,8;20,1;18,7;17;16,3;86;81;82;5;7,6;3,2;
2024/02/22;1200 UTC;0;904,1;904,1;903,6;1576,7;21,4;17,8;21,4;20;17,8;16,7;83;79;80;1;7,4;3,5;
2024/02/22;1300 UTC;0;904,4;904,4;904;1742;22,3;18,8;22,5;20,6;18,8;17;82;77;80;4;7,5;3,6;
2024/02/22;1400 UTC;0;904,5;904,7;904,4;2478,5;23,8;18,9;24,1;21,7;19,9;17,4;81;72;74;347;7,6;2,8;
2024/02/22;1500 UTC;0;904,4;904,6;904,4;3028,5;25,1;19;25,8;23,4;20,7;17,6;78;67;69;345;6,7;2,7;
2024/02/22;1600 UTC;0;903,8;904,4;903,8;1933,2;24,1;17,8;26,3;23,2;20,1;17,4;74;62;68;354;5,8;2,4;
2024/02/22;1700 UTC;0;903,2;903,8;903,2;3319,6;27;18,7;27,3;24;19,8;17,2;73;55;61;342;6,2;1,3;
2024/02/22;1800 UTC;0;902,5;903,2;902,5;3230,6;27,2;17,4;27,6;25,8;19;16,1;63;53;55;331;5,6;1,8;
2024/02/22;1900 UTC;0;901,8;902,5;901,8;2501,6;27,1;17,1;28,4;26,5;20;16,7;63;52;54;346;4;0;
2024/02/22;2000 UTC;0;901,7;901,8;901,7;1433,6;27,5;18,4;28,3;26,2;19,2;16,5;63;51;58;120;1,4;,1;
2024/02/22;2100 UTC;0;901,7;901,8;901,6;918,6;24,7;19,1;27,5;24,6;19,7;17,6;71;58;71;116;3;,5;
2024/02/22;2200 UTC;0;902,2;902,2;901,7;204,2;22,9;17,7;24,8;22,9;19,5;17,6;73;70;72;90;2,6;0;
2024/02/22;2300 UTC;0;902,8;902,8;902,2;;22,3;17,8;23;22,2;17,8;17,4;76;71;76;49;0;0;
2024/02/23;0000 UTC;0;903,7;903,7;902,7;;22;18,1;22,4;21,8;18,4;17,8;79;76;79;360;2,3;0;
2024/02/23;0100 UTC;0;904,2;904,2;903,7;;22;17,6;22,2;21,5;18,1;17,6;80;76;76;32;2,2;0;
2024/02/23;0200 UTC;0;904,4;904,5;904,2;;22,2;17,1;22,7;21,4;17,7;17,1;78;72;73;37;2,6;1,5;
2024/02/23;0300 UTC;0;904,2;904,5;904,2;;22;16,5;22,5;21,9;17;16,5;73;70;71;37;5;2,2;
2024/02/23;0400 UTC;0;904,5;904,5;904,2;;21,4;17;22,1;21,2;17,1;16;76;69;76;349;6;3,4;
2024/02/23;0500 UTC;0;904,3;904,5;904,2;;21,4;17,2;21,4;21;17,2;16,9;78;76;77;16;6,4;3;
2024/02/23;0600 UTC;0;904,2;904,4;904,2;;20,7;17,1;21,4;20,7;17,2;17;80;77;80;13;6,4;2,4;
2024/02/23;0700 UTC;0;904,3;904,3;904,2;;20,4;17,4;20,9;20,3;17,4;17,1;83;79;83;21;6,2;2,3;
2024/02/23;0800 UTC;0;904,5;904,5;904,3;;19,9;17,4;20,4;19,9;17,5;17,3;85;83;85;352;5,7;3,6;
2024/02/23;0900 UTC;0;905,2;905,2;904,5;;19,8;17,4;20,4;19,8;17,5;17,3;86;83;86;359;5,8;2,7;
2024/02/23;1000 UTC;0;906;906;905,2;74,6;20,4;17,6;20,6;19,7;17,7;17,4;87;83;84;354;5,7;3,2;
2024/02/23;1100 UTC;0;906,8;906,8;906;713,7;21,8;18,3;21,8;20,3;18,4;17,6;84;80;80;351;6,4;3,3;
2024/02/23;1200 UTC;0;907,5;907,5;906,8;1571,9;23,7;19,2;23,9;21,8;19,4;18,3;81;74;76;348;7;4,3;
2024/02/23;1300 UTC;0;907,8;907,9;907,5;2354;25,1;20,2;25,1;23,6;20,2;18,8;77;73;74;343;8;4,1;
2024/02/23;1400 UTC;0;907,7;907,9;907,7;2993,1;26,5;20,2;26,9;25;21,1;19,7;75;67;68;335;8,2;4;
2024/02/23;1500 UTC;0;907,8;907,9;907,6;3465,5;27,4;20,9;28,4;25,9;22,2;19,5;71;63;68;345;8,2;4,3;
2024/02/23;1600 UTC;0;907,4;907,8;907,4;3101,6;28,3;20,6;28,6;26,7;22,6;19,9;71;61;63;313;7,6;3,2;
2024/02/23;1700 UTC;0;906,6;907,5;906,4;2786,8;29;21,9;29;26,3;22,7;19,6;71;60;66;342;7;2,5;
2024/02/23;1800 UTC;0;906,3;906,6;906,2;3424;26,3;18,8;30,1;26,3;22,3;18,4;65;54;64;211;7;3,1;
2024/02/23;1900 UTC;0;905,7;906,3;905,7;1428,4;27,6;19,6;27,6;25,1;20,6;17,7;68;62;62;214;5,8;,9;
2024/02/23;2000 UTC;0;905,9;905,9;905,5;1310,2;26,5;20,7;29,1;26,3;21,2;18,9;70;57;70;100;3,9;0;
2024/02/23;2100 UTC;0;906,4;906,4;905,8;786;24,8;19,9;26,5;24,8;22,5;19,6;82;70;74;59;2;0;
2024/02/23;2200 UTC;0;906,9;906,9;906,4;208,3;23,3;19;24,8;23,1;20,3;19;80;74;77;95;2,5;,5;
2024/02/23;2300 UTC;0;907,9;907,9;906,8;;22,9;19,8;23,7;22,4;20,1;18,5;83;75;83;357;2,8;1,7;
2024/02/24;0000 UTC;6,2;908,9;909;907,9;;20,7;19,4;22,9;20,7;20,1;18,2;92;83;92;288;7;4,1;
2024/02/24;0100 UTC;,6;908,8;909;908,7;;21,2;18,6;21,2;20,2;19,5;18,6;94;85;85;345;7;2,6;
2024/02/24;0200 UTC;,2;909,2;909,2;908,8;;21,2;18,8;21,6;20;19,4;18,1;92;83;86;3;4;3,1;
2024/02/24;0300 UTC;0;909,4;909,5;909,1;;21,7;18,8;22,2;21,1;19,1;18,4;87;79;83;31;4,9;2,8;
2024/02/24;0400 UTC;0;909;909,4;909;;21,5;18,9;22;21,4;19;18,7;85;82;85;354;5,2;3,2;
2024/02/24;0500 UTC;0;908,6;909,1;908,6;;21,9;18,2;21,9;21,4;18,9;18,2;85;80;80;357;5,2;3,6;
2024/02/24;0600 UTC;0;908,7;908,7;908,4;;22;17,5;22,1;21,7;18,2;17,5;80;75;76;357;7;4,1;
2024/02/24;0700 UTC;0;908,6;908,8;908,5;;21,6;17,6;22,1;21,5;17,7;17,4;78;75;78;357;7,6;4,2;
2024/02/24;0800 UTC;0;908,7;908,8;908,6;;20,9;17,8;21,7;20,9;17,9;17,7;83;78;83;3;6,2;3,2;
2024/02/24;0900 UTC;0;909,1;909,1;908,6;;20,8;18,1;20,9;20,7;18,1;17,8;85;83;85;2;5,7;3,8;
2024/02/24;1000 UTC;0;909,9;909,9;909,1;49,7;20,8;18,5;20,9;20,5;18,5;18;88;84;87;357;6,4;3,3;
2024/02/24;1100 UTC;0;910,8;910,8;909,9;751,5;22,6;19,4;22,6;20,8;19,5;18,5;87;82;82;347;5,7;2,4;
2024/02/24;1200 UTC;0;911,3;911,3;910,8;1493,6;23,7;20,1;23,8;22,6;20,4;19,3;83;80;80;343;5,4;3,2;
2024/02/24;1300 UTC;0;912;912;911,3;2188,5;25,3;21,3;25,4;23,7;22,1;19,9;83;77;79;326;5,8;2,3;
2024/02/24;1400 UTC;0;912,3;912,3;912;1843,4;25;20,4;25,8;24,2;21,9;20,2;83;75;76;305;5,8;2,6;
2024/02/24;1500 UTC;0;911,8;912,3;911,8;2544;27,5;20,7;27,8;24,7;22,8;20,3;81;66;66;315;5,2;3;
2024/02/24;1600 UTC;0;911,3;911,8;911,3;2973,9;28;21;28,6;26,2;22,6;19,5;72;61;66;288;5,8;2,7;
2024/02/24;1700 UTC;0;910,8;911,3;910,8;2366,4;26,8;20,6;29,3;25,5;22,6;19,7;74;60;69;202;6,2;2,6;
2024/02/24;1800 UTC;0;910,4;910,8;910,4;3454,7;28,8;20,6;28,9;26,8;21,6;19,7;69;59;61;166;5,1;,8;
2024/02/24;1900 UTC;0;910,2;910,4;910,1;2134,7;27,9;20,7;29,2;26,8;22,8;20,2;72;60;65;172;4,9;1,4;
2024/02/24;2000 UTC;0;909,7;910,3;909,6;2042,3;27,7;20,5;29;27,1;21,9;19,9;69;60;65;133;4,6;1,2;
2024/02/24;2100 UTC;0;910,1;910,1;909,7;870,5;24,9;21,4;27,8;24,9;21,5;20,2;81;64;81;121;4,5;,9;
2024/02/24;2200 UTC;0;910,4;910,5;910,1;208,1;23,7;20,9;24,9;23,7;21,4;20,9;84;80;84;135;3,8;,2;
2024/02/24;2300 UTC;0;910,4;910,4;910,3;;22,1;19,6;23,7;22,1;20,9;19,6;86;84;86;143;2,6;,5;
2024/02/25;0000 UTC;0;911,6;911,6;910,4;;22,2;19,2;22,3;22;19,8;19,1;87;83;83;132;3,5;,4;
2024/02/25;0100 UTC;0;912,4;912,4;911,6;;22,1;19,6;22,3;21,9;19,6;19;86;83;86;97;3,8;1,7;
2024/02/25;0200 UTC;0;911,8;912,4;911,8;;22,6;19,4;22,9;22,2;19,8;18,8;86;78;82;96;4,8;2,4;
2024/02/25;0300 UTC;0;911,8;911,9;911,8;;22,1;19,6;22,6;21,9;19,7;19,3;87;82;86;67;4,3;1;
2024/02/25;0400 UTC;0;911,8;911,8;911,6;;21,7;18,5;22,4;21,7;19,6;18,5;86;81;82;74;3,7;,6;
2024/02/25;0500 UTC;0;911,9;911,9;911,7;;21,7;18,6;21,8;21,4;18,7;18,3;83;82;83;85;4,8;1,9;
2024/02/25;0600 UTC;0;911,7;911,9;911,7;;21,6;18,8;21,9;21,2;18,9;18,6;86;82;84;54;8,4;3,3;
2024/02/25;0700 UTC;0;911,2;911,7;911,2;;21,4;18,9;21,8;21,4;19;18,8;86;84;86;43;8,4;3,6;
2024/02/25;0800 UTC;0;911,5;911,5;911,2;;21,4;18,8;21,4;21;19;18,7;87;85;85;39;5,8;2,2;
2024/02/25;0900 UTC;0;911,9;911,9;911,4;;21,4;18,8;21,6;21,4;18,9;18,7;85;84;85;32;5,3;2,6;
2024/02/25;1000 UTC;0;912,2;912,2;911,9;68,9;21,7;18,8;21,8;21,3;18,9;18,7;85;83;84;29;5,6;2,6;
2024/02/25;1100 UTC;0;912,7;912,8;912,2;661,1;23,4;19,5;23,4;21,7;19,5;18,8;84;79;79;15;6,9;1,7;
2024/02/25;1200 UTC;0;913,3;913,3;912,7;1359,7;24,1;20;24,1;23;20,1;19,4;81;77;78;11;7,1;2,9;
2024/02/25;1300 UTC;0;913,3;913,5;913,2;2041,4;25,5;20,3;25,8;23,9;21;19,7;79;72;73;357;7,5;3,5;
2024/02/25;1400 UTC;0;913,1;913,3;913,1;2714,3;27;20,8;27,4;25,5;21,9;20,2;75;67;69;24;7,1;1,7;
2024/02/25;1500 UTC;0;913,1;913,2;913,1;3033,2;27;20,7;28,6;27;22,5;20,4;73;64;68;26;6,9;,9;
2024/02/25;1600 UTC;0;912,4;913,2;912,4;2640;28,1;21,5;29,5;26,5;22,6;20,7;74;63;68;330;5,4;1,5;
2024/02/25;1700 UTC;0;911,4;912,4;911,4;2675;30,3;22,3;30,4;27,8;24,2;20,1;72;59;62;278;5,3;1,4;
2024/02/25;1800 UTC;0;910,7;911,5;910,6;1135,5;27,3;20,8;30,3;27,3;21,8;20,2;68;60;67;278;4,1;1,8;
2024/02/25;1900 UTC;0;910,5;911;910,3;332,8;23,4;20,6;27,3;23,4;21,1;20,3;84;67;84;144;8,8;1,9;
2024/02/25;2000 UTC;,2;910,8;911,1;910,4;76;21,5;20,1;23,4;21,5;20,6;20,1;93;84;92;115;7,5;1,3;
2024/02/25;2100 UTC;0;910,8;910,9;910,5;26,9;21,1;20,3;21,5;21,1;20,3;20;95;92;95;267;3,6;1,5;
2024/02/25;2200 UTC;1;911,3;911,6;910,7;7,7;21;20;21,2;21;20,3;19,9;95;93;94;39;2,7;1;
2024/02/25;2300 UTC;1;911,5;911,6;911,2;;21,1;20;21,3;21;20,1;19,9;94;92;93;15;4,8;2,5;
2024/02/26;0000 UTC;0;912,1;912,1;911,5;;21,7;19,8;21,8;21,1;20,1;19,8;93;89;89;25;4;2,8;
2024/02/26;0100 UTC;0;911,6;912,1;911,6;;21;19,8;21,7;20,7;19,9;19,5;94;89;93;46;5,3;2,9;
2024/02/26;0200 UTC;0;912,7;912,7;911,6;;21,2;19,7;21,2;20,9;19,8;19,4;93;91;91;2;5,3;1,6;
2024/02/26;0300 UTC;0;912,4;912,8;912,4;;21,8;19,5;22;21,1;19,7;19,5;91;86;87;24;4,6;2,8;
2024/02/26;0400 UTC;1,6;911,8;912,4;911,8;;20,9;20;21,8;20,9;20,2;19,4;95;87;95;76;5,5;1,4;
2024/02/26;0500 UTC;0;911,3;911,8;911,3;;20,6;19,9;21;20,6;20,1;19,9;96;94;96;84;6,5;1,4;
2024/02/26;0600 UTC;0;910,7;911,3;910,7;;20,5;19,4;20,6;20,4;19,9;19,4;96;94;94;38;7,2;3,2;
2024/02/26;0700 UTC;0;910,2;910,7;910,2;;20,2;19,2;20,5;20,1;19,4;19,1;94;93;94;35;7,2;2,9;
2024/02/26;0800 UTC;0;910,3;910,3;910,2;;19,7;18,6;20,2;19,7;19,2;18,6;94;93;93;37;7,4;2,9;
2024/02/26;0900 UTC;0;910,6;910,6;910,3;;19,4;18,3;19,7;19,4;18,6;18,3;93;93;93;22;6,6;2,4;
2024/02/26;1000 UTC;0;911;911,1;910,6;21,1;19,5;18,1;19,5;19,4;18,3;18,1;93;92;92;43;8,4;3,4;
2024/02/26;1100 UTC;0;911,5;911,5;911;220,8;19,6;18,2;19,7;19,4;18,2;18,1;92;91;91;24;8,4;2,3;
2024/02/26;1200 UTC;0;912,2;912,2;911,5;998,9;22,1;19,4;22,1;19,6;19,5;18,1;92;85;85;23;7,1;2,2;
2024/02/26;1300 UTC;0;912,5;912,5;912,2;2326,4;23,9;20,2;23,9;22;20,3;19;85;79;80;9;9,1;2,3;
2024/02/26;1400 UTC;0;912,3;912,5;912,2;2924,5;25,5;21,4;25,5;23,5;21,4;19,6;80;74;78;354;7,8;2,7;
2024/02/26;1500 UTC;0;911,7;912,3;911,7;3026,1;26,3;21;26,6;24,6;22;20;79;70;73;354;8,5;3,3;
2024/02/26;1600 UTC;0;910,9;911,7;910,9;2837,6;26,7;20,7;27,7;25,6;22,6;20,3;77;68;70;338;6,9;3,6;
2024/02/26;1700 UTC;0;910,2;911;910,2;2506,7;26,7;21;28,6;26;22,9;20,3;75;66;71;348;8,6;2,5;
2024/02/26;1800 UTC;0;908,9;910,2;908,9;2720,6;28,2;20,7;28,9;26,3;22,5;19,9;74;61;64;335;6,9;3,5;
2024/02/26;1900 UTC;0;908;908,9;908;1968,6;27,1;19,8;28,8;27;21,3;19,6;67;61;64;325;8,4;3,4;
2024/02/26;2000 UTC;0;907,5;908;907,4;1025,9;26,8;20,2;27,1;26,7;20,6;19,5;68;64;67;321;6,8;2,9;
2024/02/26;2100 UTC;1,8;907,7;908;907,4;451,4;21,2;19,3;26,9;21,2;20,4;19,1;89;65;89;312;12;6,3;
2024/02/26;2200 UTC;0;907,3;907,7;907;101,1;23,8;20,1;23,9;21,2;20,1;19;89;78;80;323;11,1;4;
2024/02/26;2300 UTC;0;908,3;908,3;907,3;,7;23,2;20;24,1;22,9;20,3;19,7;83;79;82;356;6,8;2,4;
2024/02/27;0000 UTC;0;908,2;908,3;908,1;;23,2;20,4;24,1;23,2;20,5;20;84;79;84;17;4,2;2;
2024/02/27;0100 UTC;0;907,6;908,2;907,6;;22,8;20;23,3;22,7;20,4;20;85;84;84;358;5,6;3,4;
2024/02/27;0200 UTC;0;908,3;908,3;907,6;;23,1;20;23,2;22,7;20;19,9;85;82;83;29;5,6;2;
2024/02/27;0300 UTC;0;908;908,4;907,9;;22,7;20;23,2;22,7;20,1;19,9;85;83;85;9;5,3;2,5;
2024/02/27;0400 UTC;0;907,4;908;907,3;;22,4;20,1;22,7;22,3;20,1;20;87;85;87;357;6,5;3,7;
2024/02/27;0500 UTC;0;906,7;907,5;906,7;;21,9;20;22,4;21,9;20,1;19,9;89;87;89;353;6,8;3,8;
2024/02/27;0600 UTC;0;906,2;906,7;906,2;;21,6;20;22;21,5;20;19,9;91;89;91;356;7;3,5;
2024/02/27;0700 UTC;0;905,8;906,3;905,5;;21,4;19,9;21,6;21,3;20;19,9;92;90;91;350;8,1;4,7;
2024/02/27;0800 UTC;0;906,5;906,7;905,8;;20,8;19,5;21,5;20,8;20;19,5;93;91;92;109;7,5;,8;
2024/02/27;0900 UTC;23,8;907,8;908,1;906,5;1,4;19;18,5;20,8;18,4;19,3;17,6;97;91;97;201;13,1;1,2;
2024/02/27;1000 UTC;3;907,4;907,8;907,3;1,1;18,9;18,5;19,1;18,9;18,6;18,4;97;97;97;330;3,5;2,1;
2024/02/27;1100 UTC;1,4;907,5;907,5;907,1;38,6;20,1;19,6;20,1;18,9;19,6;18,5;97;97;97;321;6,1;3,8;
2024/02/27;1200 UTC;,2;907,5;907,5;907,4;316,6;21,3;20,1;21,3;20,1;20,1;19,7;97;93;93;330;8,1;4,4;
2024/02/27;1300 UTC;0;907,4;907,5;907,3;1363,3;23,2;21,3;23,2;21,3;21,3;20,1;93;89;89;339;9,6;4,7;
2024/02/27;1400 UTC;0;907,2;907,5;907,2;2630,7;25,3;22,3;25,3;22,8;22,5;20,7;90;83;84;341;8,8;4,8;
2024/02/27;1500 UTC;0;907;907,3;907;3009,1;26,1;21,9;26,3;24,2;23;21,3;87;78;78;317;11,3;6,1;
2024/02/27;1600 UTC;0;906,2;906,9;906,2;3096,5;27,2;22,3;27,6;25,5;23,1;21,6;82;73;75;314;10,8;5,6;
2024/02/27;1700 UTC;0;905,6;906,2;905,4;2837,1;27,4;21,7;28;27,1;23;20,9;77;68;71;294;10,2;4,3;
2024/02/27;1800 UTC;6,6;906,5;907;905,5;444,3;19,7;19;27,4;19,5;21,5;18,3;96;69;96;194;18,9;5,4;
2024/02/27;1900 UTC;1,2;906,5;906,8;906,3;92,5;20;19,5;20,1;19,6;19,6;19;97;96;97;189;12,8;1,6;
2024/02/27;2000 UTC;1;907;907,3;906,4;60,2;20,1;19,6;20,1;19,9;19,6;19,4;97;97;97;199;7,4;1,4;
2024/02/27;2100 UTC;,6;906,2;907;906,2;43,5;19,9;19,5;20,2;19,9;19,7;19,4;97;97;97;186;7,4;2,1;
2024/02/27;2200 UTC;,2;906,1;906,6;906,1;30,2;19,8;19,3;20;19,8;19,5;19,3;97;97;97;174;5,8;1,1;
2024/02/27;2300 UTC;,2;906,3;906,4;906;;19,9;19,2;19,9;19,6;19,3;19;97;96;96;227;3,5;1,5;
2024/02/28;0000 UTC;0;906,7;906,8;906,4;;20,5;19;20,6;19,9;19,3;18,8;96;91;91;215;3,8;2,8;
2024/02/28;0100 UTC;0;907,1;907,1;906,7;;20,5;18,8;20,6;20,3;19,2;18,8;92;90;90;194;3,9;1,3;
2024/02/28;0200 UTC;0;907;907,3;906,9;;20,5;18,6;20,9;20,2;18,9;18,3;90;88;89;216;2,6;1,1;
2024/02/28;0300 UTC;0;906,9;907;906,8;;21,2;18,5;21,5;20,5;18,9;18,5;89;84;85;214;4,1;3,2;
2024/02/28;0400 UTC;0;906,9;907,1;906,7;;21,1;18,7;21,3;20,6;18,8;18,4;88;84;87;152;3,8;0;
2024/02/28;0500 UTC;0;906,4;907;906,4;;20,9;18,6;21,3;20,8;18,7;18,3;87;84;87;113;0;0;
2024/02/28;0600 UTC;0;906,4;906,5;906,2;;19,5;18,3;20,9;19,5;18,6;18,2;93;87;92;4;1,4;0;
2024/02/28;0700 UTC;0;906,5;906,7;906,4;;19,5;18,6;19,9;19,3;18,8;18,2;95;92;95;338;4,4;2,2;
2024/02/28;0800 UTC;0;906;906,5;906;;19,7;18,6;20,1;19,3;19,3;18,4;95;94;94;357;2,8;0;
2024/02/28;0900 UTC;0;906,6;906,6;906;;19,7;18,5;20,4;19,7;19,3;18,5;94;92;93;341;3,4;2,4;
2024/02/28;1000 UTC;0;906,8;906,9;906,6;88,9;20,8;19,4;20,8;19,6;19,4;18,6;94;92;92;351;3,8;1,9;
2024/02/28;1100 UTC;0;907,5;907,5;906,8;601,9;21,2;19,4;21,3;20,7;19,7;19,1;92;89;90;331;4,6;2,5;
2024/02/28;1200 UTC;0;907,6;907,7;907,3;1365,5;22,6;20,1;23,2;21,2;21;19,5;91;85;86;345;5,4;3,5;
2024/02/28;1300 UTC;0;907,8;907,8;907,6;2158,5;24,8;20,9;25;22;21,4;19,9;89;77;79;343;5,5;3,1;
2024/02/28;1400 UTC;0;907,9;908;907,8;3076,4;26,6;21,4;26,8;24,8;22,7;20,6;80;73;74;320;5,7;3,2;
2024/02/28;1500 UTC;0;907,8;908;907,8;3313,6;28,5;22,1;28,5;26,5;23;21,1;77;66;68;281;5,7;1,8;
2024/02/28;1600 UTC;0;907,7;907,9;907,7;3315;28,4;21,3;29,4;28,2;23,2;20,4;71;61;65;283;4,5;1,8;
2024/02/28;1700 UTC;0;907,2;907,7;907,1;2036,9;27,8;22;29,7;27,5;24,1;20,7;76;63;70;239;4,5;1,5;
2024/02/28;1800 UTC;0;906,2;907,3;906,2;1507,2;29,1;22,6;29,9;27,3;23,5;20,6;73;63;68;184;4,5;1,6;
2024/02/28;1900 UTC;0;905,4;906,2;905,4;2581,2;29,6;22,7;30;28,4;23,2;20,7;69;60;67;172;6,5;2,2;
2024/02/28;2000 UTC;0;905,8;905,9;905,4;1333,1;25,9;21,5;29,9;25,9;22,7;20,8;77;62;77;1;4,7;,2;
2024/02/28;2100 UTC;0;905,8;906,1;905,7;798,9;26;21,8;27,9;25,8;23;21,4;78;72;78;162;3;1,4;
2024/02/28;2200 UTC;0;906;906;905,6;148;24,5;21,8;26,2;24,5;21,9;21,5;85;77;85;162;4,5;1,8;
2024/02/28;2300 UTC;0;907,4;907,4;906;;23,7;21,7;24,6;23,7;21,9;21,6;89;85;89;148;4,6;,3;
2024/02/29;0000 UTC;0;907,6;907,6;907,1;;23,4;21,3;23,7;23,4;21,9;21,3;91;88;88;151;4,2;1,5;
2024/02/29;0100 UTC;0;910,3;910,3;907,6;;23,5;21;23,6;23,4;21,3;20,9;88;85;86;269;6,6;3;
2024/02/29;0200 UTC;24,4;910,2;910,5;909,5;2,1;19,1;18,6;23,5;18,5;21;17,5;97;85;97;277;17,6;5,5;
2024/02/29;0300 UTC;4;909,7;910,3;909,6;;19,2;18,7;19,5;19,1;19,1;18,6;97;97;97;300;9,3;,5;
2024/02/29;0400 UTC;2,6;909,1;909,8;909;;18,7;18,2;19,7;18,7;19,2;18,2;97;97;97;113;2,9;,2;
2024/02/29;0500 UTC;,6;908,5;909,1;908,5;,4;20;19,2;20,3;18,4;19,5;17,9;97;95;95;18;2,4;,1;
2024/02/29;0600 UTC;0;908,3;908,5;908,3;5,9;18,8;17,3;21,8;18,7;18,9;16,2;95;71;91;248;3,1;0;
2024/02/29;0700 UTC;0;907,7;908,4;907,7;6,8;21,2;15,9;21,2;18,8;17,6;15,8;92;72;72;230;4;2,6;
2024/02/29;0800 UTC;0;907,6;907,7;907,1;9;20,5;15,5;21,6;20,5;15,9;14,8;73;66;73;187;3,3;,7;
2024/02/29;0900 UTC;,2;908,1;908,2;907,6;;18,4;17,1;20,5;18,3;17,1;15,6;92;73;92;311;1,7;,5;
2024/02/29;1000 UTC;0;908,2;908,2;908;45,2;19,4;16,5;20,1;18,5;17,2;16,2;92;80;83;317;5,4;3,5;
2024/02/29;1100 UTC;0;908,3;908,4;908,2;311,4;20,9;17,9;20,9;19,4;17,9;16,5;85;81;83;321;6;3,4;
2024/02/29;1200 UTC;0;908,5;908,5;908,3;1138,4;22,8;19,1;23,5;20,9;20,2;18;85;77;79;329;4,7;2,2;
2024/02/29;1300 UTC;0;909,2;909,2;908,5;1121,7;23,8;20,6;23,8;22,8;20,8;18,4;84;73;82;207;4,1;0;
2024/02/29;1400 UTC;0;909,1;909,3;909,1;1635,8;25,4;21,8;25,4;23,8;22,2;19;84;74;80;130;2,5;,8;
2024/02/29;1500 UTC;0;909,2;909,3;909,1;2381,1;25,8;20,5;27,2;25,1;22,5;20,3;80;70;72;147;3;,7;
2024/02/29;1600 UTC;0;908,9;909,2;908,9;3565,6;27,4;19;27,9;25,5;21,9;18,4;76;59;60;248;3,4;1;
2024/02/29;1700 UTC;0;908,4;908,9;908,4;2851,4;27,1;19,1;28,3;25,9;20,3;16,7;66;53;62;186;4,6;2,1;
2024/02/29;1800 UTC;0;908,2;908,4;908,2;1915,4;24,4;19,9;29,4;23,9;21,6;18,2;82;56;76;344;5,1;3,3;
2024/02/29;1900 UTC;0;907,6;908,2;907,6;1767;24,9;20,5;25,5;24,3;20,9;19,3;78;72;77;322;6,2;2,2;
2024/02/29;2000 UTC;1,8;907,4;907,6;907,4;1023,1;22,6;20,1;26,5;22,6;21,5;19,8;86;70;86;209;3,8;1,7;
2024/02/29;2100 UTC;1,2;908,4;908,5;907,4;82,6;20,4;19,2;22,8;20,4;21;19,1;93;86;93;215;9,8;2,5;
2024/02/29;2200 UTC;1;907,3;908,5;907,3;102,2;20;18,7;20,4;19,9;19,2;18,7;95;92;92;184;6,8;3,1;
2024/02/29;2300 UTC;0;907,5;907,5;907;;19,9;18,9;20,3;19,8;19,1;18,6;94;92;94;174;5,3;1,7;
2024/03/01;0000 UTC;0;908,7;908,7;907,5;;20;19;20,1;19,7;19,1;18,8;95;94;94;142;3,3;,2;
2024/03/01;0100 UTC;0;909,2;909,2;908,7;;20;19;20,2;19,8;19;18,7;94;92;94;177;3,3;2;
2024/03/01;0200 UTC;0;909;909,3;909;;20,3;19,5;20,3;20;19,5;19;95;94;95;189;5,1;3,2;
2024/03/01;0300 UTC;0;908,8;909;908,6;;20,1;19,5;20,3;20;19,5;19,3;96;95;96;193;5,1;2,8;
2024/03/01;0400 UTC;0;908,6;908,9;908,6;;20;19,4;20,1;19,9;19,5;19,3;97;96;97;187;4,6;0;
2024/03/01;0500 UTC;0;907,6;908,6;907,6;;19,8;19,3;20;19,8;19,4;19,2;97;97;97;187;2,6;,3;
2024/03/01;0600 UTC;0;906,8;907,6;906,8;;19,8;19,3;19,9;19,6;19,4;19,1;97;97;97;106;1,9;,2;
2024/03/01;0700 UTC;0;906,1;906,9;906;;19,4;18,9;19,9;19,4;19,4;18,9;97;97;97;59;2,5;,7;
2024/03/01;0800 UTC;0;906,6;906,6;905,9;;19,6;19,1;19,8;19,1;19,3;18,6;97;97;97;163;2,9;,2;
2024/03/01;0900 UTC;0;907,3;907,3;906,5;;19;18;19,5;18,9;18,9;18;97;93;94;176;1,8;,7;
2024/03/01;1000 UTC;0;908;908;907,3;65,9;19,9;19,1;19,9;18,4;19,1;17,5;96;94;95;164;1,6;1;
2024/03/01;1100 UTC;0;908,7;908,7;908;500,3;19,8;18,9;20,5;19,8;19,4;18,6;95;92;94;148;3;,7;
2024/03/01;1200 UTC;0;909,1;909,1;908,7;661,1;20,7;19,7;20,8;19,6;19,9;18,8;96;94;94;136;3,2;0;
2024/03/01;1300 UTC;0;909,4;909,4;909;2091,4;23,4;20,9;23,4;20,5;20,9;19,3;94;83;86;148;2,2;,6;
2024/03/01;1400 UTC;0;909,5;909,6;909,4;3014,3;25,8;21,3;25,9;23,3;22;19,5;86;75;76;120;2,6;1;
2024/03/01;1500 UTC;0;909,4;909,5;909,3;2594,4;25,3;19,7;26,5;23,8;21,6;19;82;68;71;184;4,2;1,7;
2024/03/01;1600 UTC;0;908,8;909,4;908,8;3286;27,3;20,2;27,6;24,8;21,7;18,5;76;63;65;138;4,5;1;
2024/03/01;1700 UTC;0;908,2;908,8;908,2;2083;27,2;21;27,5;25,1;21,6;18,9;75;60;69;143;3,7;1,1;
2024/03/01;1800 UTC;0;907,6;908,2;907,6;2309,8;27;19,8;27,5;25,5;20,8;18,5;73;61;65;147;4,2;,9;
2024/03/01;1900 UTC;0;907,2;907,6;907,2;2117,2;25,8;18,3;28,6;25,3;21,4;17,7;71;57;63;176;4,2;2,4;
2024/03/01;2000 UTC;0;906,6;907,2;906,6;1835,9;26,5;19,9;27,4;25,4;20,4;18,2;70;61;67;175;4,5;2,4;
2024/03/01;2100 UTC;0;906,4;906,7;906,4;870,9;24;19,3;26,7;24;20,1;19,3;76;65;75;150;4,3;1,2;
2024/03/01;2200 UTC;0;906,9;906,9;906,4;231,9;23,2;18,9;24,5;23,2;19,4;18,9;77;72;77;176;4,2;1,9;
2024/03/01;2300 UTC;0;907,4;907,4;906,9;;22,4;19,2;23,3;22,4;19,3;19;82;77;82;157;3,9;1,6;
2024/03/02;0000 UTC;0;907,9;907,9;907,4;;21,9;18,6;22,4;21,9;19,2;18,6;83;81;81;154;3,9;1,5;
2024/03/02;0100 UTC;0;908,4;908,4;907,8;;21,4;18,8;22,1;21,4;18,8;18,5;85;81;85;134;2,8;1,4;
2024/03/02;0200 UTC;0;908,4;908,4;908,3;;21,5;18,6;21,5;21,2;18,8;18,6;85;84;84;117;4,3;2,1;
2024/03/02;0300 UTC;0;908,2;908,4;908,1;;21,2;18,6;21,6;21,2;18,7;18,4;85;83;85;97;4,6;1,8;
2024/03/02;0400 UTC;0;908;908,3;907,9;;20,9;18,5;21,2;20,5;18,8;18,4;88;85;86;71;4,1;1;
2024/03/02;0500 UTC;0;907,3;908;907,3;;21,2;18,2;21,4;20,8;18,4;18,1;86;82;83;68;6,8;2,5;
2024/03/02;0600 UTC;0;906,6;907,3;906,6;;20,4;18;21,2;20,4;18,2;18;86;83;86;52;6,5;3,5;
2024/03/02;0700 UTC;0;906,5;906,6;906,4;;19,9;17,7;20,5;19,8;18,1;17,6;87;86;87;34;6,6;2,7;
2024/03/02;0800 UTC;0;906,8;906,8;906,4;;19,2;17,7;19,9;19,2;17,8;17,6;91;87;91;19;6,5;2,7;
2024/03/02;0900 UTC;,2;906,8;906,9;906,8;;19;17,6;19,4;19;17,8;17,6;91;90;91;30;6,3;2,9;
2024/03/02;1000 UTC;0;907,3;907,3;906,8;76,4;19,2;17,7;19,2;18,8;17,7;17,5;92;91;91;15;6,8;2,7;
2024/03/02;1100 UTC;0;908;908;907,3;676,1;20,6;17,8;20,7;19,2;18,2;17,6;91;84;84;14;5,4;1,9;
2024/03/02;1200 UTC;0;908,4;908,4;908;1559;22,3;18,4;22,4;20,5;18,7;17,5;85;79;79;3;7,4;2,8;
2024/03/02;1300 UTC;0;908,5;908,6;908,4;2356,3;23,5;19,2;23,5;22;19,4;17,8;79;75;77;357;8,3;3,8;
2024/03/02;1400 UTC;0;908,4;908,5;908,4;2984,2;24,9;19,2;25;23,4;19,7;18,3;77;70;71;350;8,8;3,4;
2024/03/02;1500 UTC;0;908,2;908,4;908,2;3349,3;26,1;20,1;26,1;24,7;20,8;19;75;68;70;345;8,3;3,9;
2024/03/02;1600 UTC;0;908,1;908,3;908;3529,2;26,6;20,2;28;25,8;21,8;19,5;72;64;68;343;8,3;3;
2024/03/02;1700 UTC;0;907,7;908,1;907,7;2828,2;26,9;19,8;28,7;26,1;21,9;18,4;72;59;65;289;6,2;2,6;
2024/03/02;1800 UTC;0;906,9;907,7;906,9;2930,1;28,9;19,9;29,1;26,5;21;18,3;68;54;58;312;5,4;,8;
2024/03/02;1900 UTC;0;906,2;906,9;906,2;2670,1;28,9;20,3;29,3;27,3;20,7;18;63;53;60;301;4,5;2;
2024/03/02;2000 UTC;0;905,8;906,2;905,8;1529,7;27,7;18,6;29;26,7;20,9;18,5;67;56;58;331;3,6;1,1;
2024/03/02;2100 UTC;0;905,8;905,9;905,7;626,6;26;18,7;27,8;26;20,3;18,4;67;58;64;305;3;,6;
2024/03/02;2200 UTC;0;905,9;906;905,8;127;25,9;18,7;26,5;25,7;20,8;18,3;74;61;64;159;1,4;0;
2024/03/02;2300 UTC;0;906,4;906,4;905,9;;25,3;18,6;25,9;24,9;18,8;18,5;68;64;67;145;0;0;
2024/03/03;0000 UTC;0;906,5;906,5;906,2;;23,8;18,7;25,3;23,8;18,9;18,5;73;67;73;138;1,9;,3;
2024/03/03;0100 UTC;0;906,5;906,7;906,5;;22,6;18,2;23,8;22,6;18,9;18,2;76;73;76;76;2,5;,5;
2024/03/03;0200 UTC;0;906,1;906,5;906,1;;22,6;18,4;22,7;21,9;18,9;18,3;81;76;77;15;2,2;,1;
2024/03/03;0300 UTC;0;906,1;906,3;906;;22,6;18,2;23,4;22,4;18,5;17,9;77;74;76;331;2,1;0;
2024/03/03;0400 UTC;0;906,2;906,5;906,1;;21,9;17,9;22,8;21,8;18,4;17,7;78;76;78;343;0;0;
2024/03/03;0500 UTC;0;907,1;907,1;906,2;;22,5;17,7;23,3;21,9;18,3;17,5;78;72;75;56;1,7;0;
2024/03/03;0600 UTC;0;906,7;907,1;906,7;;22;18,2;22,7;20,8;18,3;17,1;82;75;79;17;4,2;2,2;
2024/03/03;0700 UTC;0;906,4;906,7;906,4;;21,8;18;22,1;21,5;18,2;18;80;78;79;4;5,7;3,9;
2024/03/03;0800 UTC;0;906,8;906,8;906,3;;21,1;17,9;21,8;21;18,1;17,8;82;79;82;360;5,8;2,7;
2024/03/03;0900 UTC;0;907,1;907,1;906,8;;21,1;17,8;21,5;21;18,1;17,8;82;81;81;350;5,6;2,8;
2024/03/03;1000 UTC;0;907;907,2;906,7;63,8;21,4;17,9;21,4;20,8;18;17,7;83;81;81;355;4,7;2,6;
2024/03/03;1100 UTC;0;907,8;907,8;907;543,5;22,6;18,9;22,6;21,3;18,9;17,9;81;79;79;332;4,3;2,4;
2024/03/03;1200 UTC;0;908,1;908,6;907,8;1453,5;24,4;19,5;24,7;22,6;20,3;18,7;79;72;74;348;4,4;2,3;
2024/03/03;1300 UTC;0;907,9;908,2;907,9;2157,9;25,9;20,5;25,9;23,9;20,9;19,2;77;69;72;3;4,9;2,7;
2024/03/03;1400 UTC;0;907,9;908;907,7;2541,3;26,8;20,3;26,8;25,8;21,4;19,6;74;67;68;338;5,4;2;
2024/03/03;1500 UTC;0;907,5;907,9;907,5;2718,2;27,9;21;27,9;26,4;22,1;19,4;73;65;66;314;5;1,9;
2024/03/03;1600 UTC;0;907,5;907,5;907,5;2672;28,1;20;28,9;27,1;22,4;19,7;69;59;62;297;5,1;1,4;
2024/03/03;1700 UTC;0;907,4;907,7;907,4;2732,5;28,7;20,1;28,9;28,1;21,6;18,6;67;56;60;322;5;,5;
2024/03/03;1800 UTC;0;907,3;907,5;907,1;1654,7;27,3;19,1;29,1;27,3;21;18,8;65;55;61;174;7,9;1,2;
2024/03/03;1900 UTC;11;906,9;908,1;906,9;625,4;23,2;20,5;27,3;18,7;20,5;16;93;61;85;170;14,3;1,9;
2024/03/03;2000 UTC;0;906,5;906,9;906,4;1102,2;25,1;21,4;26;23,2;22,7;20,7;85;79;80;125;3,2;0;
2024/03/03;2100 UTC;0;906,4;906,5;906,1;485,9;23,6;21,4;25,1;23,6;22;21,2;88;80;88;150;3,8;1,5;
2024/03/03;2200 UTC;0;907;907,6;906,4;78,6;23,2;20,8;24;23,2;21,9;20,8;89;85;86;176;6,3;3,5;
2024/03/03;2300 UTC;0;907,4;907,6;906,9;;22,9;20,6;23,3;22,7;20,8;20,4;87;86;87;174;6,3;2,8;
2024/03/04;0000 UTC;0;907,8;907,9;907,4;;22,2;20,7;23;22,2;20,9;20,6;91;87;91;178;6,1;2,8;
2024/03/04;0100 UTC;0;908,2;908,2;907,8;;21,4;20,2;22,2;21,4;20,7;20,1;93;91;93;148;5,5;1,3;
2024/03/04;0200 UTC;0;907,3;908,2;907,2;;21,3;20,3;21,5;21;20,3;20,1;95;93;94;117;5,8;2,9;
2024/03/04;0300 UTC;0;906,9;907,3;906,7;;20,9;18,9;21,3;20,9;20,2;18,9;94;88;88;123;7,4;2,9;
2024/03/04;0400 UTC;0;906,8;907,1;906,8;;20,1;18,5;20,9;20,1;19;18,5;93;88;91;128;6,4;2,2;
2024/03/04;0500 UTC;0;906,9;907;906,7;;20,1;18;20,2;19,9;18,6;18;92;87;88;106;4,6;2,4;
2024/03/04;0600 UTC;0;906,7;907;906,7;;19,8;17,9;20,6;19,8;18,2;17,9;89;86;89;80;5;2,1;
2024/03/04;0700 UTC;0;906,5;906,7;906,4;;19,8;17,6;20,2;19,6;18,1;17,6;89;87;88;81;4,3;1,8;
2024/03/04;0800 UTC;0;906,2;906,5;906,2;;20,8;17;20,9;19,5;17,6;17;88;79;79;42;6,9;2,9;
2024/03/04;0900 UTC;0;906;906,2;906;;20,3;17,3;20,8;20,3;17,3;16,9;83;79;83;21;7;2,9;
2024/03/04;1000 UTC;0;906;906,1;905,9;67,6;20,6;17,6;20,6;20,2;17,6;17,2;84;83;83;20;9,2;3,2;
2024/03/04;1100 UTC;0;906,6;906,6;906;604,1;21,4;18;21,6;20,5;18,1;17,6;83;80;81;18;9,2;2;
2024/03/04;1200 UTC;0;907,1;907,1;906,6;1103,4;22,3;18,3;23;21,4;19,1;18,1;82;76;78;21;5,8;2,1;
2024/03/04;1300 UTC;0;908;908,1;907,1;842,4;23;19,5;23,6;22,1;20,2;18,3;83;77;81;188;5,6;1,2;
2024/03/04;1400 UTC;0;907,6;908;907,5;1854,2;25,5;20,9;25,6;22,6;21,5;19,1;85;76;76;125;3,1;1;
2024/03/04;1500 UTC;0;907,4;907,6;907,3;2487,4;24,6;20,4;26,4;24,5;22,1;19,9;79;70;77;142;3,1;,1;
2024/03/04;1600 UTC;0;906,3;907,4;906,2;1197,8;24,2;20,8;24,7;24,1;21,3;20,4;82;77;81;153;3,5;1;
2024/03/04;1700 UTC;0;906,5;906,5;905,5;870,7;20,7;19,4;24,8;20,7;21,2;19,4;92;78;92;182;9,1;3,2;
2024/03/04;1800 UTC;1,2;907,5;907,6;906,3;24,6;18,9;18,4;20,7;18,9;19,4;18,4;97;92;97;241;8,7;3,2;
2024/03/04;1900 UTC;1,6;906,8;907,9;906,8;219,4;19,1;18,6;19,1;18,5;18,7;18;97;97;97;197;8,7;3,5;
2024/03/04;2000 UTC;1,2;906,9;906,9;906,4;144,7;19,5;19;19,5;19,1;19,1;18,6;97;97;97;196;7,1;1,8;
2024/03/04;2100 UTC;1;906,9;907;906,7;140,5;19,8;19,3;19,8;19,5;19,3;19;97;97;97;134;3,9;,1;
2024/03/04;2200 UTC;1;906,6;906,9;906,4;62;19,7;19,2;19,8;19,5;19,4;19,1;97;97;97;146;3,1;1;
2024/03/04;2300 UTC;1,2;906,4;906,7;906,3;,9;19,2;18,8;19,7;19,2;19,3;18,8;97;97;97;128;3,8;,9;
2024/03/05;0000 UTC;1;906,5;906,6;906,3;;19,1;18,6;19,3;19;18,8;18,6;97;97;97;120;3;1,1;
2024/03/05;0100 UTC;1;906,9;907;906,4;;19;18,6;19,1;18,9;18,6;18,5;97;97;97;129;3;,6;
2024/03/05;0200 UTC;1;907;907,1;906,9;;19;18,6;19,1;19;18,7;18,6;97;97;97;128;2,3;,1;
2024/03/05;0300 UTC;1,2;907;907,1;906,9;;18,7;18,3;19;18,6;18,6;18,2;98;97;98;125;2,7;,8;
2024/03/05;0400 UTC;1,2;906,8;907;906,7;;18,4;18;18,7;18,4;18,3;18;98;98;98;81;3,4;,6;
2024/03/05;0500 UTC;,8;906,5;906,8;906,5;;18,5;18,1;18,5;18,2;18,1;17,9;98;98;98;139;2,4;,1;
2024/03/05;0600 UTC;,8;906,5;906,6;906,3;;18,6;18,2;18,7;18,5;18,3;18,1;98;98;98;141;1,3;0;
2024/03/05;0700 UTC;,8;906,4;906,5;906,2;;18,5;18,1;18,7;18,5;18,3;18,1;98;98;98;116;0;0;
2024/03/05;0800 UTC;,6;906,7;906,7;906,4;;18,6;18,2;18,6;18,4;18,2;18;98;98;98;118;1,5;0;
2024/03/05;0900 UTC;,4;907,2;907,3;906,6;,1;18,4;18,1;18,6;18,3;18,2;17,9;98;98;98;136;1,5;0;
2024/03/05;1000 UTC;,4;907,7;907,7;907,2;18,3;18,5;18,2;18,6;18,4;18,2;18;98;98;98;117;1,6;0;
2024/03/05;1100 UTC;,2;907,9;908;907,7;264,9;19;18,6;19;18,4;18,6;18;98;98;98;157;,4;0;
2024/03/05;1200 UTC;,2;908,3;908,3;907,9;656,7;19,7;19,3;19,7;18,9;19,3;18,5;98;98;98;76;0;0;
2024/03/05;1300 UTC;,2;908,8;908,8;908,3;862,4;20,5;20,1;21,1;19,6;20,6;19,2;98;97;97;153;1,3;0;
2024/03/05;1400 UTC;0;908,9;909;908,8;502,3;20,5;19,9;20,7;20,2;20,2;19,7;97;96;96;217;1,6;,1;
2024/03/05;1500 UTC;0;909;909;908,9;913,7;21,2;19,8;21,2;20,2;20,1;19,3;96;92;92;220;3;1,2;
2024/03/05;1600 UTC;,2;908,8;909,1;908,8;1151,1;21,5;19,9;21,7;20,7;20,3;19,1;93;89;91;210;3,1;,9;
2024/03/05;1700 UTC;0;908,4;908,8;908,4;2251,2;22,4;20,2;23,4;21;21,5;18,5;92;82;88;200;4,3;1,8;
2024/03/05;1800 UTC;0;907,8;908,4;907,8;1622,7;20,3;19,1;22,6;19,7;20,8;18,3;93;84;93;190;6,3;2,9;
2024/03/05;1900 UTC;,2;907,3;907,9;907,3;679,4;19,8;18;20,6;19,8;19;18;93;88;89;160;5,7;1,9;
2024/03/05;2000 UTC;0;907,1;907,3;907,1;1002,8;20,3;17,9;21,9;19,8;19,3;17,5;91;79;86;166;5,4;2,5;
2024/03/05;2100 UTC;,2;906,7;907,1;906,6;982,5;20,9;17,8;21,4;20,3;18,6;17,5;86;81;83;179;6,6;2,1;
2024/03/05;2200 UTC;,2;907;907,1;906,7;256,3;19;17,5;21;19;18;17,5;91;83;91;166;4,4;1,2;
2024/03/05;2300 UTC;0;907,5;907,5;907;;18,7;17,7;19;18,6;17,8;17,5;94;91;94;173;5,1;2,8;
2024/03/06;0000 UTC;,2;908,1;908,1;907,5;;18,4;17,6;18,7;18,3;17,7;17,4;95;94;95;179;5,3;3,1;
2024/03/06;0100 UTC;,2;908,7;908,7;908,1;;18;17,3;18,4;18;17,6;17,3;96;95;95;167;5,3;2,5;
2024/03/06;0200 UTC;,2;908,8;908,9;908,7;;17,6;17;18,1;17,6;17,3;17;96;95;96;146;4,9;,9;
2024/03/06;0300 UTC;0;908,4;908,8;908,4;;17,3;16,8;17,6;17,3;17;16,8;97;96;97;136;3,5;1,8;
2024/03/06;0400 UTC;,2;907,8;908,4;907,8;;17;16,5;17,3;16,9;16,9;16,5;97;97;97;127;4,1;,5;
2024/03/06;0500 UTC;0;907,4;907,9;907,4;;16,6;16,2;17;16,6;16,6;16,2;97;97;97;127;3,7;1,3;
2024/03/06;0600 UTC;,2;907;907,4;907;;16,3;15,9;16,6;16,3;16,2;15,9;98;97;97;97;4,9;2;
2024/03/06;0700 UTC;,2;906,7;907;906,7;;16,2;15,7;16,4;16,2;16;15,7;97;97;97;126;3,8;,7;
2024/03/06;0800 UTC;0;906,8;906,8;906,6;;16,7;16,1;16,7;16,2;16,1;15,7;97;96;96;106;3;,6;
2024/03/06;0900 UTC;,2;906,9;906,9;906,8;;16,6;16,1;16,7;16,3;16,2;15,7;97;96;97;71;2,4;,2;
2024/03/06;1000 UTC;0;907,3;907,3;906,9;26,8;17,2;16,6;17,2;16,6;16,6;16;97;97;97;71;2,7;0;
2024/03/06;1100 UTC;,2;907,8;907,8;907,3;554,4;19,9;18,4;20,3;17,2;19,5;16,7;97;91;91;77;2,8;,4;
2024/03/06;1200 UTC;,2;908,4;908,4;907,8;1117,2;20,8;18,8;20,8;18,8;18,9;17,5;93;87;88;59;4,7;1;
2024/03/06;1300 UTC;0;908,8;908,8;908,4;1381,9;22,1;19,7;22,1;20,8;19,7;18,5;89;84;86;54;4,2;1,6;
2024/03/06;1400 UTC;,2;909,2;909,3;908,8;2006,9;23,3;19,8;24;22,1;20,8;19;86;78;81;16;5,7;1,7;
2024/03/06;1500 UTC;0;909;909,2;909;1866,7;24,3;20,7;24,5;23,3;20,7;19,1;82;76;80;343;5,7;2,4;
2024/03/06;1600 UTC;,2;908,4;909;908,4;2620,8;25,8;20,7;26,3;23,9;22,5;19,2;81;72;73;334;5,8;2,7;
2024/03/06;1700 UTC;0;907,8;908,4;907,8;2360,2;25,6;20,4;26,6;24,3;21,2;18,8;77;68;73;339;6,1;2,4;
2024/03/06;1800 UTC;,2;907,2;907,8;907,2;2962,8;27,2;20,9;27,6;25,4;21,6;18,6;76;61;68;312;6,2;2,6;
2024/03/06;1900 UTC;0;906,7;907,2;906,7;2375;25,4;20,9;28,5;25,4;21,5;18,5;76;60;76;157;5,9;1;
2024/03/06;2000 UTC;0;906,6;906,7;906,6;1344,1;25,6;21,1;26,9;24,8;22;20;77;71;76;164;3,5;1;
2024/03/06;2100 UTC;,2;906,5;906,8;906,5;938,4;23,7;20,5;25,8;23,7;21,6;20,4;83;73;82;144;3,3;1,1;
2024/03/06;2200 UTC;0;906,8;906,9;906,5;195;22;20,2;23,7;22;20,9;20,2;90;82;90;126;3,9;,1;
2024/03/06;2300 UTC;,2;907,3;907,3;906,8;;21,4;20,3;22;21,4;20,4;20,1;93;90;93;137;2,7;,4;
2024/03/07;0000 UTC;0;908,3;908,3;907,3;;21,4;20,4;21,4;21,1;20,4;20;94;93;94;34;2,8;,8;
2024/03/07;0100 UTC;0;908,7;908,7;908,3;;20,5;19,2;21,5;20,2;20,4;19;94;92;93;59;2,9;,3;
2024/03/07;0200 UTC;,2;908,6;908,8;908,6;;20,6;19;21;20,5;19,4;19;93;90;91;39;4,2;1,2;
2024/03/07;0300 UTC;0;908,7;908,7;908,5;;20,5;18,9;20,8;20,5;19,2;18,9;91;90;91;35;5,6;1,9;
2024/03/07;0400 UTC;0;908,7;908,7;908,6;;20,2;18,6;20,6;20,2;19;18,6;91;90;91;36;5;1,6;
2024/03/07;0500 UTC;,2;908,4;908,7;908,4;;20,2;18,6;20,3;20;18,7;18,5;91;90;91;47;7,5;2,9;
2024/03/07;0600 UTC;0;908,1;908,4;908,1;;20;18,3;20,2;19,9;18,6;18,3;91;90;90;32;8,3;2,7;
2024/03/07;0700 UTC;0;908,1;908,3;907,9;;19,8;18,2;20,1;19,7;18,4;18,2;91;90;91;18;6,8;3;
2024/03/07;0800 UTC;0;908,5;908,5;908,1;;19,5;18,2;19,8;19,5;18,3;18,1;92;91;92;24;6,8;2,5;
2024/03/07;0900 UTC;0;909;909;908,5;;19,5;18,2;19,6;19,4;18,3;18,1;93;92;92;19;7;2,9;
2024/03/07;1000 UTC;,2;909,5;909,5;909;47,5;19,8;18,4;19,8;19,4;18,4;18,1;93;92;92;25;7,1;2,5;
2024/03/07;1100 UTC;0;910,2;910,2;909,5;400,6;20,6;18,7;20,6;19,8;18,7;18,4;92;89;89;15;7,4;2,5;
2024/03/07;1200 UTC;0;910,7;910,7;910,2;1422,8;22,5;19,3;22,6;20,6;19,6;18,7;89;81;82;11;7,6;3,9;
2024/03/07;1300 UTC;,2;911;911;910,6;1931,5;23,5;19,7;23,8;22,1;20,3;19;83;79;79;355;9,3;4,3;
2024/03/07;1400 UTC;0;911,2;911,3;911;2101,1;24,5;20,2;25,1;22,9;20,9;19,1;82;74;77;347;9;4,5;
2024/03/07;1500 UTC;0;910,8;911,2;910,8;2324,5;24;19,8;25,9;23,9;21,4;19,5;79;73;77;347;7,6;4,5;
2024/03/07;1600 UTC;,2;910,5;910,8;910,5;2920,9;26;20,7;27;23,9;22,1;19,7;79;70;73;328;7,5;3,4;
2024/03/07;1700 UTC;0;909,1;910,5;909,1;2916,3;26,8;21,2;27,9;25,2;22,5;20,3;77;67;71;331;8,1;4,1;
2024/03/07;1800 UTC;0;907,5;909,1;907,5;2732,2;25,9;20,5;28;25,9;21,9;19,9;75;66;72;327;8;3,6;
2024/03/07;1900 UTC;,2;907,4;907,5;907,3;2303,7;27;20,6;28,6;25,8;22,4;19,3;73;62;68;335;6,8;2,9;
2024/03/07;2000 UTC;0;907,6;907,8;907,2;775,7;25,8;20,2;27,1;25,8;20,5;19,6;71;65;71;246;5,3;0;
2024/03/07;2100 UTC;0;908,3;908,3;907,6;87,8;21,5;19,6;25,8;21,5;20,6;19,1;89;71;89;116;6,3;2,1;
2024/03/07;2200 UTC;0;908,7;908,7;908;2,2;19,9;19,2;21,5;19,9;19,7;19,2;96;89;96;88;5,8;2,9;
2024/03/07;2300 UTC;0;909,3;909,5;908,7;;19,7;19,2;20;19,7;19,4;19,2;97;96;97;91;5,8;2,4;
2024/03/08;0000 UTC;0;910,5;910,5;909,3;;19,3;18,9;19,7;19,3;19,2;18,9;97;97;97;91;6,3;3,2;
2024/03/08;0100 UTC;,2;910,3;910,6;910;;19,3;18,8;19,4;19,2;18,9;18,7;97;97;97;93;8,2;3,6;
2024/03/08;0200 UTC;0;910,3;910,5;910,2;;19,4;18,9;19,4;19,3;18,9;18,8;97;97;97;87;7;2,8;
2024/03/08;0300 UTC;0;909,9;910,4;909,9;;19,5;18,9;19,6;19,4;19;18,9;97;96;96;89;6,3;1,3;
2024/03/08;0400 UTC;0;909,4;909,9;909,4;;20,1;18,6;20,2;19,5;19,1;18,6;96;91;91;40;10,4;3,6;
2024/03/08;0500 UTC;0;909;909,5;909;;19,6;18,9;20,1;19,6;18,9;18,6;96;91;96;13;10,4;3,5;
2024/03/08;0600 UTC;0;907,8;909;907,8;;19,8;18,9;19,8;19,6;19;18,9;96;95;95;36;9,5;3,4;
2024/03/08;0700 UTC;0;907,8;907,9;907,6;;19,8;18,5;19,9;19,8;18,9;18,5;95;92;92;31;8,9;3,1;
2024/03/08;0800 UTC;0;908,2;908,3;907,8;;19,6;18,5;19,8;19,5;18,6;18,4;94;91;94;27;10,1;4,2;
2024/03/08;0900 UTC;0;908,2;908,5;908,2;,1;19,4;18,6;19,6;19,4;18,7;18,5;95;94;95;5;10,1;4,8;
2024/03/08;1000 UTC;,2;908,1;908,3;908;15;19,4;18,7;19,5;19,3;18,7;18,5;96;95;95;21;9,3;3,1;
2024/03/08;1100 UTC;0;908,8;908,8;908;85,6;19,5;18,9;19,7;19,3;18,9;18,5;97;94;97;31;9,6;2,4;
2024/03/08;1200 UTC;0;908,9;909,1;908,8;110,9;19,3;18,8;19,8;19,3;19,2;18,7;97;96;97;34;8,9;3,4;
2024/03/08;1300 UTC;0;909,4;909,4;908,9;94,7;19,5;18,9;19,5;19,3;18,9;18,8;97;96;96;2;9,2;3;
2024/03/08;1400 UTC;0;909,6;909,6;909,2;90,9;19,5;19;19,6;19,5;19;18,9;97;96;97;4;8,5;3,1;
2024/03/08;1500 UTC;0;908,8;909,6;908,8;258,8;19,8;19,3;19,9;19,5;19,3;19;97;96;96;356;6,7;3,3;
2024/03/08;1600 UTC;0;907,8;908,8;907,8;623,5;20,7;20,1;20,7;19,8;20,1;19,3;97;96;96;360;6,8;3,5;
2024/03/08;1700 UTC;0;907,2;907,9;907,1;923,4;22;21;22;20,7;21;20,1;96;94;94;345;8,9;4,1;
2024/03/08;1800 UTC;0;906,6;907,2;906,6;950,9;23;21,5;23;21,8;21,7;20,5;94;91;91;346;7,4;3;
2024/03/08;1900 UTC;;;;;;;;;;;;;;;;;;
2024/03/08;2000 UTC;;;;;;;;;;;;;;;;;;
2024/03/08;2100 UTC;;;;;;;;;;;;;;;;;;
2024/03/08;2200 UTC;;;;;;;;;;;;;;;;;;
2024/03/08;2300 UTC;;;;;;;;;;;;;;;;;;
2024/03/09;0000 UTC;;;;;;;;;;;;;;;;;;
2024/03/09;0100 UTC;;;;;;;;;;;;;;;;;;
2024/03/09;0200 UTC;;;;;;;;;;;;;;;;;;
2024/03/09;0300 UTC;;;;;;;;;;;;;;;;;;
2024/03/09;0400 UTC;;;;;;;;;;;;;;;;;;
2024/03/09;0500 UTC;;;;;;;;;;;;;;;;;;
2024/03/09;0600 UTC;;;;;;;;;;;;;;;;;;
2024/03/09;0700 UTC;;;;;;;;;;;;;;;;;;
2024/03/09;0800 UTC;;;;;;;;;;;;;;;;;;
2024/03/09;0900 UTC;;;;;;;;;;;;;;;;;;
2024/03/09;1000 UTC;;;;;;;;;;;;;;;;;;
2024/03/09;1100 UTC;;;;;;;;;;;;;;;;;;
2024/03/09;1200 UTC;0;906,8;907,1;906,7;1162,9;23,1;21,6;23,1;21,6;22;21;97;91;91;331;8,2;3,8;
2024/03/09;1300 UTC;;;;;;;;;;;;;;;;;;
2024/03/09;1400 UTC;;;;;;;;;;;;;;;;;;
2024/03/09;1500 UTC;;;;;;;;;;;;;;;;;;
2024/03/09;1600 UTC;0;906,8;907,5;906,4;2758,6;27,5;22;28;25,9;23,1;21,6;79;70;72;310;8,5;3,5;
2024/03/09;1700 UTC;0;906,4;906,8;906,4;1981,6;27,2;21,8;28,6;26,3;23,4;21,2;78;68;73;314;7,1;3,7;
2024/03/09;1800 UTC;;;;;;;;;;;;;;;;;;
2024/03/09;1900 UTC;;;;;;;;;;;;;;;;;;
2024/03/09;2000 UTC;;;;;;;;;;;;;;;;;;
2024/03/09;2100 UTC;;;;;;;;;;;;;;;;;;
2024/03/09;2200 UTC;;;;;;;;;;;;;;;;;;
2024/03/09;2300 UTC;;;;;;;;;;;;;;;;;;
2024/03/10;0000 UTC;;;;;;;;;;;;;;;;;;
2024/03/10;0100 UTC;;;;;;;;;;;;;;;;;;
2024/03/10;0200 UTC;;;;;;;;;;;;;;;;;;
2024/03/10;0300 UTC;;;;;;;;;;;;;;;;;;
2024/03/10;0400 UTC;;;;;;;;;;;;;;;;;;
2024/03/10;0500 UTC;;;;;;;;;;;;;;;;;;
2024/03/10;0600 UTC;;;;;;;;;;;;;;;;;;
2024/03/10;0700 UTC;;;;;;;;;;;;;;;;;;
2024/03/10;0800 UTC;;;;;;;;;;;;;;;;;;
2024/03/10;0900 UTC;;;;;;;;;;;;;;;;;;
2024/03/10;1000 UTC;;;;;;;;;;;;;;;;;;
2024/03/10;1100 UTC;;;;;;;;;;;;;;;;;;
2024/03/10;1200 UTC;;;;;;;;;;;;;;;;;;
2024/03/10;1300 UTC;;;;;;;;;;;;;;;;;;
2024/03/10;1400 UTC;0;909,9;910;909,7;2780;24,5;20,8;24,9;23,2;21,3;19,4;82;74;80;144;2,1;,6;
2024/03/10;1500 UTC;;;;;;;;;;;;;;;;;;
2024/03/10;1600 UTC;0;909,5;909,9;909,4;3207,7;27,3;21,6;27,4;25,7;22,1;18,1;75;61;71;133;3,4;,8;
2024/03/10;1700 UTC;;;;;;;;;;;;;;;;;;
2024/03/10;1800 UTC;0;908,8;909,2;908,8;2645,4;26,6;19,2;27,3;26,2;20,2;17,8;67;58;64;181;5,5;1,7;
2024/03/10;1900 UTC;0;908,2;908,8;908,2;2395,2;27,1;20;28,3;26;20,7;18,6;68;60;65;140;5,5;1,3;
2024/03/10;2000 UTC;;;;;;;;;;;;;;;;;;
2024/03/10;2100 UTC;;;;;;;;;;;;;;;;;;
2024/03/10;2200 UTC;;;;;;;;;;;;;;;;;;
2024/03/10;2300 UTC;;;;;;;;;;;;;;;;;;
2024/03/11;0000 UTC;;;;;;;;;;;;;;;;;;
2024/03/11;0100 UTC;;;;;;;;;;;;;;;;;;
2024/03/11;0200 UTC;;;;;;;;;;;;;;;;;;
2024/03/11;0300 UTC;;;;;;;;;;;;;;;;;;
2024/03/11;0400 UTC;;;;;;;;;;;;;;;;;;
2024/03/11;0500 UTC;;;;;;;;;;;;;;;;;;
2024/03/11;0600 UTC;;;;;;;;;;;;;;;;;;
2024/03/11;0700 UTC;;;;;;;;;;;;;;;;;;
2024/03/11;0800 UTC;;;;;;;;;;;;;;;;;;
2024/03/11;0900 UTC;;;;;;;;;;;;;;;;;;
2024/03/11;1000 UTC;;;;;;;;;;;;;;;;;;
2024/03/11;1100 UTC;;;;;;;;;;;;;;;;;;
2024/03/11;1200 UTC;;;;;;;;;;;;;;;;;;
2024/03/11;1300 UTC;;;;;;;;;;;;;;;;;;
2024/03/11;1400 UTC;0;910,9;911;910,8;2950,4;25,1;19,4;25,3;22,9;19,8;17,2;73;68;71;349;7,6;3;
2024/03/11;1500 UTC;0;910,7;911;910,7;3331,4;26,2;19,7;26,4;25,3;20,3;18,9;72;67;67;347;6,9;3,4;
2024/03/11;1600 UTC;0;910,1;910,7;910,1;3462,1;27,1;20,3;27,3;26,1;21,6;19,4;72;65;67;350;7,4;3,2;
2024/03/11;1700 UTC;;;;;;;;;;;;;;;;;;
2024/03/11;1800 UTC;0;908,9;909,6;908,9;2834,8;28,9;16,6;29,6;26,5;20,4;16,2;62;46;47;239;4,5;,9;
2024/03/11;1900 UTC;0;908,6;908,9;908,5;2604,2;29,5;17,1;29,7;28,4;18,8;15,5;55;43;47;241;2,6;,1;
2024/03/11;2000 UTC;0;908,3;908,5;908,3;1388,8;28,3;17,1;29,8;27,3;19,7;16,1;56;44;51;78;0;0;
2024/03/11;2100 UTC;;;;;;;;;;;;;;;;;;
2024/03/11;2200 UTC;0;908,6;908,6;908,4;167;24,1;16,4;28,3;24,1;17,2;15,8;62;47;62;90;0;0;
2024/03/11;2300 UTC;;;;;;;;;;;;;;;;;;
2024/03/12;0000 UTC;;;;;;;;;;;;;;;;;;
2024/03/12;0100 UTC;;;;;;;;;;;;;;;;;;
2024/03/12;0200 UTC;;;;;;;;;;;;;;;;;;
2024/03/12;0300 UTC;;;;;;;;;;;;;;;;;;
2024/03/12;0400 UTC;;;;;;;;;;;;;;;;;;
2024/03/12;0500 UTC;;;;;;;;;;;;;;;;;;
2024/03/12;0600 UTC;;;;;;;;;;;;;;;;;;
2024/03/12;0700 UTC;;;;;;;;;;;;;;;;;;
2024/03/12;0800 UTC;;;;;;;;;;;;;;;;;;
2024/03/12;0900 UTC;0;910,1;910,1;909,5;;17,9;14,9;19,6;17,9;15,2;14,8;83;75;83;67;3,8;,7;
2024/03/12;1000 UTC;0;910,2;910,2;910;39,1;20;15,1;20;17,3;15,6;14,7;86;73;73;6;4,7;2,3;
2024/03/12;1100 UTC;;;;;;;;;;;;;;;;;;
2024/03/12;1200 UTC;;;;;;;;;;;;;;;;;;
2024/03/12;1300 UTC;;;;;;;;;;;;;;;;;;
2024/03/12;1400 UTC;0;911;911;910,8;2954,2;25,4;18,4;26;24;19,8;17,6;71;64;65;345;6;2,9;
2024/03/12;1500 UTC;0;910,6;911;910,6;3322,1;26,8;19,4;26,9;25,5;20,2;18;70;60;64;347;5,6;2,6;
2024/03/12;1600 UTC;0;910;910,6;909,9;3369,2;28;19,1;28,2;26,7;20,4;18,6;66;58;59;323;5,3;2,6;
2024/03/12;1700 UTC;;;;;;;;;;;;;;;;;;
2024/03/12;1800 UTC;;;;;;;;;;;;;;;;;;
2024/03/12;1900 UTC;;;;;;;;;;;;;;;;;;
2024/03/12;2000 UTC;;;;;;;;;;;;;;;;;;
2024/03/12;2100 UTC;;;;;;;;;;;;;;;;;;
2024/03/12;2200 UTC;;;;;;;;;;;;;;;;;;
2024/03/12;2300 UTC;;;;;;;;;;;;;;;;;;
2024/03/13;0000 UTC;;;;;;;;;;;;;;;;;;
2024/03/13;0100 UTC;;;;;;;;;;;;;;;;;;
2024/03/13;0200 UTC;;;;;;;;;;;;;;;;;;
2024/03/13;0300 UTC;;;;;;;;;;;;;;;;;;
2024/03/13;0400 UTC;;;;;;;;;;;;;;;;;;
2024/03/13;0500 UTC;;;;;;;;;;;;;;;;;;
2024/03/13;0600 UTC;;;;;;;;;;;;;;;;;;
2024/03/13;0700 UTC;;;;;;;;;;;;;;;;;;
2024/03/13;0800 UTC;;;;;;;;;;;;;;;;;;
2024/03/13;0900 UTC;;;;;;;;;;;;;;;;;;
2024/03/13;1000 UTC;;;;;;;;;;;;;;;;;;
2024/03/13;1100 UTC;;;;;;;;;;;;;;;;;;
2024/03/13;1200 UTC;;;;;;;;;;;;;;;;;;
2024/03/13;1300 UTC;;;;;;;;;;;;;;;;;;
2024/03/13;1400 UTC;;;;;;;;;;;;;;;;;;
2024/03/13;1500 UTC;;;;;;;;;;;;;;;;;;
2024/03/13;1600 UTC;;;;;;;;;;;;;;;;;;
2024/03/13;1700 UTC;;;;;;;;;;;;;;;;;;
2024/03/13;1800 UTC;;;;;;;;;;;;;;;;;;
2024/03/13;1900 UTC;;;;;;;;;;;;;;;;;;
2024/03/13;2000 UTC;;;;;;;;;;;;;;;;;;
2024/03/13;2100 UTC;;;;;;;;;;;;;;;;;;
2024/03/13;2200 UTC;;;;;;;;;;;;;;;;;;
2024/03/13;2300 UTC;;;;;;;;;;;;;;;;;;
2024/03/14;0000 UTC;;;;;;;;;;;;;;;;;;
2024/03/14;0100 UTC;;;;;;;;;;;;;;;;;;
2024/03/14;0200 UTC;;;;;;;;;;;;;;;;;;
2024/03/14;0300 UTC;;;;;;;;;;;;;;;;;;
2024/03/14;0400 UTC;;;;;;;;;;;;;;;;;;
2024/03/14;0500 UTC;;;;;;;;;;;;;;;;;;
2024/03/14;0600 UTC;;;;;;;;;;;;;;;;;;
2024/03/14;0700 UTC;;;;;;;;;;;;;;;;;;
2024/03/14;0800 UTC;;;;;;;;;;;;;;;;;;
2024/03/14;0900 UTC;;;;;;;;;;;;;;;;;;
2024/03/14;1000 UTC;;;;;;;;;;;;;;;;;;
2024/03/14;1100 UTC;;;;;;;;;;;;;;;;;;
2024/03/14;1200 UTC;;;;;;;;;;;;;;;;;;
2024/03/14;1300 UTC;;;;;;;;;;;;;;;;;;
2024/03/14;1400 UTC;;;;;;;;;;;;;;;;;;
2024/03/14;1500 UTC;;;;;;;;;;;;;;;;;;
2024/03/14;1600 UTC;;;;;;;;;;;;;;;;;;
2024/03/14;1700 UTC;;;;;;;;;;;;;;;;;;
2024/03/14;1800 UTC;;;;;;;;;;;;;;;;;;
2024/03/14;1900 UTC;;;;;;;;;;;;;;;;;;
2024/03/14;2000 UTC;;;;;;;;;;;;;;;;;;
2024/03/14;2100 UTC;;;;;;;;;;;;;;;;;;
2024/03/14;2200 UTC;;;;;;;;;;;;;;;;;;
2024/03/14;2300 UTC;;;;;;;;;;;;;;;;;;
2024/03/15;0000 UTC;;;;;;;;;;;;;;;;;;
2024/03/15;0100 UTC;;;;;;;;;;;;;;;;;;
2024/03/15;0200 UTC;;;;;;;;;;;;;;;;;;
2024/03/15;0300 UTC;;;;;;;;;;;;;;;;;;
2024/03/15;0400 UTC;;;;;;;;;;;;;;;;;;
2024/03/15;0500 UTC;;;;;;;;;;;;;;;;;;
2024/03/15;0600 UTC;;;;;;;;;;;;;;;;;;
2024/03/15;0700 UTC;;;;;;;;;;;;;;;;;;
2024/03/15;0800 UTC;;;;;;;;;;;;;;;;;;
2024/03/15;0900 UTC;;;;;;;;;;;;;;;;;;
2024/03/15;1000 UTC;;;;;;;;;;;;;;;;;;
2024/03/15;1100 UTC;;;;;;;;;;;;;;;;;;
2024/03/15;1200 UTC;;;;;;;;;;;;;;;;;;
2024/03/15;1300 UTC;;;;;;;;;;;;;;;;;;
2024/03/15;1400 UTC;;;;;;;;;;;;;;;;;;
2024/03/15;1500 UTC;;;;;;;;;;;;;;;;;;
2024/03/15;1600 UTC;;;;;;;;;;;;;;;;;;
2024/03/15;1700 UTC;;;;;;;;;;;;;;;;;;
2024/03/15;1800 UTC;;;;;;;;;;;;;;;;;;
2024/03/15;1900 UTC;;;;;;;;;;;;;;;;;;
2024/03/15;2000 UTC;;;;;;;;;;;;;;;;;;
2024/03/15;2100 UTC;;;;;;;;;;;;;;;;;;
2024/03/15;2200 UTC;;;;;;;;;;;;;;;;;;
2024/03/15;2300 UTC;;;;;;;;;;;;;;;;;;
2024/03/16;0000 UTC;;;;;;;;;;;;;;;;;;
2024/03/16;0100 UTC;;;;;;;;;;;;;;;;;;
2024/03/16;0200 UTC;;;;;;;;;;;;;;;;;;
2024/03/16;0300 UTC;;;;;;;;;;;;;;;;;;
2024/03/16;0400 UTC;;;;;;;;;;;;;;;;;;
2024/03/16;0500 UTC;;;;;;;;;;;;;;;;;;
2024/03/16;0600 UTC;;;;;;;;;;;;;;;;;;
2024/03/16;0700 UTC;;;;;;;;;;;;;;;;;;
2024/03/16;0800 UTC;;;;;;;;;;;;;;;;;;
2024/03/16;0900 UTC;;;;;;;;;;;;;;;;;;
2024/03/16;1000 UTC;;;;;;;;;;;;;;;;;;
2024/03/16;1100 UTC;;;;;;;;;;;;;;;;;;
2024/03/16;1200 UTC;;;;;;;;;;;;;;;;;;
2024/03/16;1300 UTC;;;;;;;;;;;;;;;;;;
2024/03/16;1400 UTC;;;;;;;;;;;;;;;;;;
2024/03/16;1500 UTC;;;;;;;;;;;;;;;;;;
2024/03/16;1600 UTC;;;;;;;;;;;;;;;;;;
2024/03/16;1700 UTC;;;;;;;;;;;;;;;;;;
2024/03/16;1800 UTC;;;;;;;;;;;;;;;;;;
2024/03/16;1900 UTC;;;;;;;;;;;;;;;;;;
2024/03/16;2000 UTC;;;;;;;;;;;;;;;;;;
2024/03/16;2100 UTC;;;;;;;;;;;;;;;;;;
2024/03/16;2200 UTC;;;;;;;;;;;;;;;;;;
2024/03/16;2300 UTC;;;;;;;;;;;;;;;;;;
2024/03/17;0000 UTC;;;;;;;;;;;;;;;;;;
2024/03/17;0100 UTC;;;;;;;;;;;;;;;;;;
2024/03/17;0200 UTC;;;;;;;;;;;;;;;;;;
2024/03/17;0300 UTC;;;;;;;;;;;;;;;;;;
2024/03/17;0400 UTC;;;;;;;;;;;;;;;;;;
2024/03/17;0500 UTC;;;;;;;;;;;;;;;;;;
2024/03/17;0600 UTC;;;;;;;;;;;;;;;;;;
2024/03/17;0700 UTC;;;;;;;;;;;;;;;;;;
2024/03/17;0800 UTC;;;;;;;;;;;;;;;;;;
2024/03/17;0900 UTC;;;;;;;;;;;;;;;;;;
2024/03/17;1000 UTC;;;;;;;;;;;;;;;;;;
2024/03/17;1100 UTC;;;;;;;;;;;;;;;;;;
2024/03/17;1200 UTC;;;;;;;;;;;;;;;;;;
2024/03/17;1300 UTC;;;;;;;;;;;;;;;;;;
2024/03/17;1400 UTC;;;;;;;;;;;;;;;;;;
2024/03/17;1500 UTC;;;;;;;;;;;;;;;;;;
2024/03/17;1600 UTC;;;;;;;;;;;;;;;;;;
2024/03/17;1700 UTC;;;;;;;;;;;;;;;;;;
2024/03/17;1800 UTC;;;;;;;;;;;;;;;;;;
2024/03/17;1900 UTC;;;;;;;;;;;;;;;;;;
2024/03/17;2000 UTC;;;;;;;;;;;;;;;;;;
2024/03/17;2100 UTC;;;;;;;;;;;;;;;;;;
2024/03/17;2200 UTC;;;;;;;;;;;;;;;;;;
2024/03/17;2300 UTC;;;;;;;;;;;;;;;;;;
2024/03/18;0000 UTC;;;;;;;;;;;;;;;;;;
2024/03/18;0100 UTC;;;;;;;;;;;;;;;;;;
2024/03/18;0200 UTC;;;;;;;;;;;;;;;;;;
2024/03/18;0300 UTC;;;;;;;;;;;;;;;;;;
2024/03/18;0400 UTC;;;;;;;;;;;;;;;;;;
2024/03/18;0500 UTC;;;;;;;;;;;;;;;;;;
2024/03/18;0600 UTC;;;;;;;;;;;;;;;;;;
2024/03/18;0700 UTC;;;;;;;;;;;;;;;;;;
2024/03/18;0800 UTC;;;;;;;;;;;;;;;;;;
2024/03/18;0900 UTC;;;;;;;;;;;;;;;;;;
2024/03/18;1000 UTC;;;;;;;;;;;;;;;;;;
2024/03/18;1100 UTC;;;;;;;;;;;;;;;;;;
2024/03/18;1200 UTC;;;;;;;;;;;;;;;;;;
2024/03/18;1300 UTC;;;;;;;;;;;;;;;;;;
2024/03/18;1400 UTC;;;;;;;;;;;;;;;;;;
2024/03/18;1500 UTC;;;;;;;;;;;;;;;;;;
2024/03/18;1600 UTC;;;;;;;;;;;;;;;;;;
2024/03/18;1700 UTC;;;;;;;;;;;;;;;;;;
2024/03/18;1800 UTC;;;;;;;;;;;;;;;;;;
2024/03/18;1900 UTC;;;;;;;;;;;;;;;;;;
2024/03/18;2000 UTC;;;;;;;;;;;;;;;;;;
2024/03/18;2100 UTC;;;;;;;;;;;;;;;;;;
2024/03/18;2200 UTC;;;;;;;;;;;;;;;;;;
2024/03/18;2300 UTC;;;;;;;;;;;;;;;;;;
2024/03/19;0000 UTC;;;;;;;;;;;;;;;;;;
2024/03/19;0100 UTC;;;;;;;;;;;;;;;;;;
2024/03/19;0200 UTC;;;;;;;;;;;;;;;;;;
2024/03/19;0300 UTC;;;;;;;;;;;;;;;;;;
2024/03/19;0400 UTC;;;;;;;;;;;;;;;;;;
2024/03/19;0500 UTC;;;;;;;;;;;;;;;;;;
2024/03/19;0600 UTC;;;;;;;;;;;;;;;;;;
2024/03/19;0700 UTC;;;;;;;;;;;;;;;;;;
2024/03/19;0800 UTC;;;;;;;;;;;;;;;;;;
2024/03/19;0900 UTC;;;;;;;;;;;;;;;;;;
2024/03/19;1000 UTC;;;;;;;;;;;;;;;;;;
2024/03/19;1100 UTC;;;;;;;;;;;;;;;;;;
2024/03/19;1200 UTC;;;;;;;;;;;;;;;;;;
2024/03/19;1300 UTC;;;;;;;;;;;;;;;;;;
2024/03/19;1400 UTC;;;;;;;;;;;;;;;;;;
2024/03/19;1500 UTC;;;;;;;;;;;;;;;;;;
2024/03/19;1600 UTC;;;;;;;;;;;;;;;;;;
2024/03/19;1700 UTC;;;;;;;;;;;;;;;;;;
2024/03/19;1800 UTC;;;;;;;;;;;;;;;;;;
2024/03/19;1900 UTC;;;;;;;;;;;;;;;;;;
2024/03/19;2000 UTC;;;;;;;;;;;;;;;;;;
2024/03/19;2100 UTC;;;;;;;;;;;;;;;;;;
2024/03/19;2200 UTC;;;;;;;;;;;;;;;;;;
2024/03/19;2300 UTC;;;;;;;;;;;;;;;;;;
2024/03/20;0000 UTC;;;;;;;;;;;;;;;;;;
2024/03/20;0100 UTC;;;;;;;;;;;;;;;;;;
2024/03/20;0200 UTC;;;;;;;;;;;;;;;;;;
2024/03/20;0300 UTC;;;;;;;;;;;;;;;;;;
2024/03/20;0400 UTC;;;;;;;;;;;;;;;;;;
2024/03/20;0500 UTC;;;;;;;;;;;;;;;;;;
2024/03/20;0600 UTC;;;;;;;;;;;;;;;;;;
2024/03/20;0700 UTC;;;;;;;;;;;;;;;;;;
2024/03/20;0800 UTC;;;;;;;;;;;;;;;;;;
2024/03/20;0900 UTC;;;;;;;;;;;;;;;;;;
2024/03/20;1000 UTC;;;;;;;;;;;;;;;;;;
2024/03/20;1100 UTC;;;;;;;;;;;;;;;;;;
2024/03/20;1200 UTC;;;;;;;;;;;;;;;;;;
2024/03/20;1300 UTC;;;;;;;;;;;;;;;;;;
2024/03/20;1400 UTC;;;;;;;;;;;;;;;;;;
2024/03/20;1500 UTC;;;;;;;;;;;;;;;;;;
2024/03/20;1600 UTC;;;;;;;;;;;;;;;;;;
2024/03/20;1700 UTC;;;;;;;;;;;;;;;;;;
2024/03/20;1800 UTC;;;;;;;;;;;;;;;;;;
2024/03/20;1900 UTC;;;;;;;;;;;;;;;;;;
2024/03/20;2000 UTC;;;;;;;;;;;;;;;;;;
2024/03/20;2100 UTC;;;;;;;;;;;;;;;;;;
2024/03/20;2200 UTC;;;;;;;;;;;;;;;;;;
2024/03/20;2300 UTC;;;;;;;;;;;;;;;;;;
2024/03/21;0000 UTC;;;;;;;;;;;;;;;;;;
2024/03/21;0100 UTC;;;;;;;;;;;;;;;;;;
2024/03/21;0200 UTC;;;;;;;;;;;;;;;;;;
2024/03/21;0300 UTC;;;;;;;;;;;;;;;;;;
2024/03/21;0400 UTC;;;;;;;;;;;;;;;;;;
2024/03/21;0500 UTC;;;;;;;;;;;;;;;;;;
2024/03/21;0600 UTC;;;;;;;;;;;;;;;;;;
2024/03/21;0700 UTC;;;;;;;;;;;;;;;;;;
2024/03/21;0800 UTC;;;;;;;;;;;;;;;;;;
2024/03/21;0900 UTC;;;;;;;;;;;;;;;;;;
2024/03/21;1000 UTC;;;;;;;;;;;;;;;;;;
2024/03/21;1100 UTC;;;;;;;;;;;;;;;;;;
2024/03/21;1200 UTC;;;;;;;;;;;;;;;;;;
2024/03/21;1300 UTC;;;;;;;;;;;;;;;;;;
2024/03/21;1400 UTC;;;;;;;;;;;;;;;;;;
2024/03/21;1500 UTC;;;;;;;;;;;;;;;;;;
2024/03/21;1600 UTC;;;;;;;;;;;;;;;;;;
2024/03/21;1700 UTC;;;;;;;;;;;;;;;;;;
2024/03/21;1800 UTC;;;;;;;;;;;;;;;;;;
2024/03/21;1900 UTC;;;;;;;;;;;;;;;;;;
2024/03/21;2000 UTC;;;;;;;;;;;;;;;;;;
2024/03/21;2100 UTC;;;;;;;;;;;;;;;;;;
2024/03/21;2200 UTC;;;;;;;;;;;;;;;;;;
2024/03/21;2300 UTC;;;;;;;;;;;;;;;;;;
2024/03/22;0000 UTC;;;;;;;;;;;;;;;;;;
2024/03/22;0100 UTC;;;;;;;;;;;;;;;;;;
2024/03/22;0200 UTC;;;;;;;;;;;;;;;;;;
2024/03/22;0300 UTC;;;;;;;;;;;;;;;;;;
2024/03/22;0400 UTC;;;;;;;;;;;;;;;;;;
2024/03/22;0500 UTC;;;;;;;;;;;;;;;;;;
2024/03/22;0600 UTC;;;;;;;;;;;;;;;;;;
2024/03/22;0700 UTC;;;;;;;;;;;;;;;;;;
2024/03/22;0800 UTC;;;;;;;;;;;;;;;;;;
2024/03/22;0900 UTC;;;;;;;;;;;;;;;;;;
2024/03/22;1000 UTC;;;;;;;;;;;;;;;;;;
2024/03/22;1100 UTC;;;;;;;;;;;;;;;;;;
2024/03/22;1200 UTC;;;;;;;;;;;;;;;;;;
2024/03/22;1300 UTC;;;;;;;;;;;;;;;;;;
2024/03/22;1400 UTC;;;;;;;;;;;;;;;;;;
2024/03/22;1500 UTC;;;;;;;;;;;;;;;;;;
2024/03/22;1600 UTC;;;;;;;;;;;;;;;;;;
2024/03/22;1700 UTC;;;;;;;;;;;;;;;;;;
2024/03/22;1800 UTC;;;;;;;;;;;;;;;;;;
2024/03/22;1900 UTC;;;;;;;;;;;;;;;;;;
2024/03/22;2000 UTC;;;;;;;;;;;;;;;;;;
2024/03/22;2100 UTC;;;;;;;;;;;;;;;;;;
2024/03/22;2200 UTC;;;;;;;;;;;;;;;;;;
2024/03/22;2300 UTC;;;;;;;;;;;;;;;;;;
2024/03/23;0000 UTC;;;;;;;;;;;;;;;;;;
2024/03/23;0100 UTC;;;;;;;;;;;;;;;;;;
2024/03/23;0200 UTC;;;;;;;;;;;;;;;;;;
2024/03/23;0300 UTC;;;;;;;;;;;;;;;;;;
2024/03/23;0400 UTC;;;;;;;;;;;;;;;;;;
2024/03/23;0500 UTC;;;;;;;;;;;;;;;;;;
2024/03/23;0600 UTC;;;;;;;;;;;;;;;;;;
2024/03/23;0700 UTC;;;;;;;;;;;;;;;;;;
2024/03/23;0800 UTC;;;;;;;;;;;;;;;;;;
2024/03/23;0900 UTC;;;;;;;;;;;;;;;;;;
2024/03/23;1000 UTC;;;;;;;;;;;;;;;;;;
2024/03/23;1100 UTC;;;;;;;;;;;;;;;;;;
2024/03/23;1200 UTC;;;;;;;;;;;;;;;;;;
2024/03/23;1300 UTC;;;;;;;;;;;;;;;;;;
2024/03/23;1400 UTC;;;;;;;;;;;;;;;;;;
2024/03/23;1500 UTC;;;;;;;;;;;;;;;;;;
2024/03/23;1600 UTC;;;;;;;;;;;;;;;;;;
2024/03/23;1700 UTC;;;;;;;;;;;;;;;;;;
2024/03/23;1800 UTC;;;;;;;;;;;;;;;;;;
2024/03/23;1900 UTC;;;;;;;;;;;;;;;;;;
2024/03/23;2000 UTC;;;;;;;;;;;;;;;;;;
2024/03/23;2100 UTC;;;;;;;;;;;;;;;;;;
2024/03/23;2200 UTC;;;;;;;;;;;;;;;;;;
2024/03/23;2300 UTC;;;;;;;;;;;;;;;;;;
2024/03/24;0000 UTC;;;;;;;;;;;;;;;;;;
2024/03/24;0100 UTC;;;;;;;;;;;;;;;;;;
2024/03/24;0200 UTC;;;;;;;;;;;;;;;;;;
2024/03/24;0300 UTC;;;;;;;;;;;;;;;;;;
2024/03/24;0400 UTC;;;;;;;;;;;;;;;;;;
2024/03/24;0500 UTC;;;;;;;;;;;;;;;;;;
2024/03/24;0600 UTC;;;;;;;;;;;;;;;;;;
2024/03/24;0700 UTC;;;;;;;;;;;;;;;;;;
2024/03/24;0800 UTC;;;;;;;;;;;;;;;;;;
2024/03/24;0900 UTC;;;;;;;;;;;;;;;;;;
2024/03/24;1000 UTC;;;;;;;;;;;;;;;;;;
2024/03/24;1100 UTC;;;;;;;;;;;;;;;;;;
2024/03/24;1200 UTC;;;;;;;;;;;;;;;;;;
2024/03/24;1300 UTC;;;;;;;;;;;;;;;;;;
2024/03/24;1400 UTC;;;;;;;;;;;;;;;;;;
2024/03/24;1500 UTC;;;;;;;;;;;;;;;;;;
2024/03/24;1600 UTC;;;;;;;;;;;;;;;;;;
2024/03/24;1700 UTC;;;;;;;;;;;;;;;;;;
2024/03/24;1800 UTC;;;;;;;;;;;;;;;;;;
2024/03/24;1900 UTC;;;;;;;;;;;;;;;;;;
2024/03/24;2000 UTC;;;;;;;;;;;;;;;;;;
2024/03/24;2100 UTC;;;;;;;;;;;;;;;;;;
2024/03/24;2200 UTC;;;;;;;;;;;;;;;;;;
2024/03/24;2300 UTC;;;;;;;;;;;;;;;;;;
2024/03/25;0000 UTC;;;;;;;;;;;;;;;;;;
2024/03/25;0100 UTC;;;;;;;;;;;;;;;;;;
2024/03/25;0200 UTC;;;;;;;;;;;;;;;;;;
2024/03/25;0300 UTC;;;;;;;;;;;;;;;;;;
2024/03/25;0400 UTC;;;;;;;;;;;;;;;;;;
2024/03/25;0500 UTC;;;;;;;;;;;;;;;;;;
2024/03/25;0600 UTC;;;;;;;;;;;;;;;;;;
2024/03/25;0700 UTC;;;;;;;;;;;;;;;;;;
2024/03/25;0800 UTC;;;;;;;;;;;;;;;;;;
2024/03/25;0900 UTC;;;;;;;;;;;;;;;;;;
2024/03/25;1000 UTC;;;;;;;;;;;;;;;;;;
2024/03/25;1100 UTC;;;;;;;;;;;;;;;;;;
2024/03/25;1200 UTC;;;;;;;;;;;;;;;;;;
2024/03/25;1300 UTC;;;;;;;;;;;;;;;;;;
2024/03/25;1400 UTC;;;;;;;;;;;;;;;;;;
2024/03/25;1500 UTC;;;;;;;;;;;;;;;;;;
2024/03/25;1600 UTC;;;;;;;;;;;;;;;;;;
2024/03/25;1700 UTC;;;;;;;;;;;;;;;;;;
2024/03/25;1800 UTC;;;;;;;;;;;;;;;;;;
2024/03/25;1900 UTC;;;;;;;;;;;;;;;;;;
2024/03/25;2000 UTC;;;;;;;;;;;;;;;;;;
2024/03/25;2100 UTC;;;;;;;;;;;;;;;;;;
2024/03/25;2200 UTC;;;;;;;;;;;;;;;;;;
2024/03/25;2300 UTC;;;;;;;;;;;;;;;;;;
2024/03/26;0000 UTC;;;;;;;;;;;;;;;;;;
2024/03/26;0100 UTC;;;;;;;;;;;;;;;;;;
2024/03/26;0200 UTC;;;;;;;;;;;;;;;;;;
2024/03/26;0300 UTC;;;;;;;;;;;;;;;;;;
2024/03/26;0400 UTC;;;;;;;;;;;;;;;;;;
2024/03/26;0500 UTC;;;;;;;;;;;;;;;;;;
2024/03/26;0600 UTC;;;;;;;;;;;;;;;;;;
2024/03/26;0700 UTC;;;;;;;;;;;;;;;;;;
2024/03/26;0800 UTC;;;;;;;;;;;;;;;;;;
2024/03/26;0900 UTC;;;;;;;;;;;;;;;;;;
2024/03/26;1000 UTC;;;;;;;;;;;;;;;;;;
2024/03/26;1100 UTC;;;;;;;;;;;;;;;;;;
2024/03/26;1200 UTC;;;;;;;;;;;;;;;;;;
2024/03/26;1300 UTC;;;;;;;;;;;;;;;;;;
2024/03/26;1400 UTC;;;;;;;;;;;;;;;;;;
2024/03/26;1500 UTC;;;;;;;;;;;;;;;;;;
2024/03/26;1600 UTC;;;;;;;;;;;;;;;;;;
2024/03/26;1700 UTC;;;;;;;;;;;;;;;;;;
2024/03/26;1800 UTC;;;;;;;;;;;;;;;;;;
2024/03/26;1900 UTC;;;;;;;;;;;;;;;;;;
2024/03/26;2000 UTC;;;;;;;;;;;;;;;;;;
2024/03/26;2100 UTC;;;;;;;;;;;;;;;;;;
2024/03/26;2200 UTC;;;;;;;;;;;;;;;;;;
2024/03/26;2300 UTC;;;;;;;;;;;;;;;;;;
2024/03/27;0000 UTC;;;;;;;;;;;;;;;;;;
2024/03/27;0100 UTC;;;;;;;;;;;;;;;;;;
2024/03/27;0200 UTC;;;;;;;;;;;;;;;;;;
2024/03/27;0300 UTC;;;;;;;;;;;;;;;;;;
2024/03/27;0400 UTC;;;;;;;;;;;;;;;;;;
2024/03/27;0500 UTC;;;;;;;;;;;;;;;;;;
2024/03/27;0600 UTC;;;;;;;;;;;;;;;;;;
2024/03/27;0700 UTC;;;;;;;;;;;;;;;;;;
2024/03/27;0800 UTC;;;;;;;;;;;;;;;;;;
2024/03/27;0900 UTC;;;;;;;;;;;;;;;;;;
2024/03/27;1000 UTC;;;;;;;;;;;;;;;;;;
2024/03/27;1100 UTC;;;;;;;;;;;;;;;;;;
2024/03/27;1200 UTC;;;;;;;;;;;;;;;;;;
2024/03/27;1300 UTC;;;;;;;;;;;;;;;;;;
2024/03/27;1400 UTC;;;;;;;;;;;;;;;;;;
2024/03/27;1500 UTC;;;;;;;;;;;;;;;;;;
2024/03/27;1600 UTC;;;;;;;;;;;;;;;;;;
2024/03/27;1700 UTC;;;;;;;;;;;;;;;;;;
2024/03/27;1800 UTC;;;;;;;;;;;;;;;;;;
2024/03/27;1900 UTC;;;;;;;;;;;;;;;;;;
2024/03/27;2000 UTC;;;;;;;;;;;;;;;;;;
2024/03/27;2100 UTC;;;;;;;;;;;;;;;;;;
2024/03/27;2200 UTC;;;;;;;;;;;;;;;;;;
2024/03/27;2300 UTC;;;;;;;;;;;;;;;;;;
2024/03/28;0000 UTC;;;;;;;;;;;;;;;;;;
2024/03/28;0100 UTC;;;;;;;;;;;;;;;;;;
2024/03/28;0200 UTC;;;;;;;;;;;;;;;;;;
2024/03/28;0300 UTC;;;;;;;;;;;;;;;;;;
2024/03/28;0400 UTC;;;;;;;;;;;;;;;;;;
2024/03/28;0500 UTC;;;;;;;;;;;;;;;;;;
2024/03/28;0600 UTC;;;;;;;;;;;;;;;;;;
2024/03/28;0700 UTC;;;;;;;;;;;;;;;;;;
2024/03/28;0800 UTC;;;;;;;;;;;;;;;;;;
2024/03/28;0900 UTC;;;;;;;;;;;;;;;;;;
2024/03/28;1000 UTC;;;;;;;;;;;;;;;;;;
2024/03/28;1100 UTC;;;;;;;;;;;;;;;;;;
2024/03/28;1200 UTC;;;;;;;;;;;;;;;;;;
2024/03/28;1300 UTC;;;;;;;;;;;;;;;;;;
2024/03/28;1400 UTC;;;;;;;;;;;;;;;;;;
2024/03/28;1500 UTC;;;;;;;;;;;;;;;;;;
2024/03/28;1600 UTC;;;;;;;;;;;;;;;;;;
2024/03/28;1700 UTC;;;;;;;;;;;;;;;;;;
2024/03/28;1800 UTC;;;;;;;;;;;;;;;;;;
2024/03/28;1900 UTC;;;;;;;;;;;;;;;;;;
2024/03/28;2000 UTC;;;;;;;;;;;;;;;;;;
2024/03/28;2100 UTC;;;;;;;;;;;;;;;;;;
2024/03/28;2200 UTC;;;;;;;;;;;;;;;;;;
2024/03/28;2300 UTC;;;;;;;;;;;;;;;;;;
2024/03/29;0000 UTC;;;;;;;;;;;;;;;;;;
2024/03/29;0100 UTC;;;;;;;;;;;;;;;;;;
2024/03/29;0200 UTC;;;;;;;;;;;;;;;;;;
2024/03/29;0300 UTC;;;;;;;;;;;;;;;;;;
2024/03/29;0400 UTC;;;;;;;;;;;;;;;;;;
2024/03/29;0500 UTC;;;;;;;;;;;;;;;;;;
2024/03/29;0600 UTC;;;;;;;;;;;;;;;;;;
2024/03/29;0700 UTC;;;;;;;;;;;;;;;;;;
2024/03/29;0800 UTC;;;;;;;;;;;;;;;;;;
2024/03/29;0900 UTC;;;;;;;;;;;;;;;;;;
2024/03/29;1000 UTC;;;;;;;;;;;;;;;;;;
2024/03/29;1100 UTC;;;;;;;;;;;;;;;;;;
2024/03/29;1200 UTC;;;;;;;;;;;;;;;;;;
2024/03/29;1300 UTC;;;;;;;;;;;;;;;;;;
2024/03/29;1400 UTC;;;;;;;;;;;;;;;;;;
2024/03/29;1500 UTC;;;;;;;;;;;;;;;;;;
2024/03/29;1600 UTC;;;;;;;;;;;;;;;;;;
2024/03/29;1700 UTC;;;;;;;;;;;;;;;;;;
2024/03/29;1800 UTC;;;;;;;;;;;;;;;;;;
2024/03/29;1900 UTC;;;;;;;;;;;;;;;;;;
2024/03/29;2000 UTC;;;;;;;;;;;;;;;;;;
2024/03/29;2100 UTC;;;;;;;;;;;;;;;;;;
2024/03/29;2200 UTC;;;;;;;;;;;;;;;;;;
2024/03/29;2300 UTC;;;;;;;;;;;;;;;;;;
2024/03/30;0000 UTC;;;;;;;;;;;;;;;;;;
2024/03/30;0100 UTC;;;;;;;;;;;;;;;;;;
2024/03/30;0200 UTC;;;;;;;;;;;;;;;;;;
2024/03/30;0300 UTC;;;;;;;;;;;;;;;;;;
2024/03/30;0400 UTC;;;;;;;;;;;;;;;;;;
2024/03/30;0500 UTC;;;;;;;;;;;;;;;;;;
2024/03/30;0600 UTC;;;;;;;;;;;;;;;;;;
2024/03/30;0700 UTC;;;;;;;;;;;;;;;;;;
2024/03/30;0800 UTC;;;;;;;;;;;;;;;;;;
2024/03/30;0900 UTC;;;;;;;;;;;;;;;;;;
2024/03/30;1000 UTC;;;;;;;;;;;;;;;;;;
2024/03/30;1100 UTC;;;;;;;;;;;;;;;;;;
2024/03/30;1200 UTC;;;;;;;;;;;;;;;;;;
2024/03/30;1300 UTC;;;;;;;;;;;;;;;;;;
2024/03/30;1400 UTC;;;;;;;;;;;;;;;;;;
2024/03/30;1500 UTC;;;;;;;;;;;;;;;;;;
2024/03/30;1600 UTC;;;;;;;;;;;;;;;;;;
2024/03/30;1700 UTC;;;;;;;;;;;;;;;;;;
2024/03/30;1800 UTC;;;;;;;;;;;;;;;;;;
2024/03/30;1900 UTC;;;;;;;;;;;;;;;;;;
2024/03/30;2000 UTC;;;;;;;;;;;;;;;;;;
2024/03/30;2100 UTC;;;;;;;;;;;;;;;;;;
2024/03/30;2200 UTC;;;;;;;;;;;;;;;;;;
2024/03/30;2300 UTC;;;;;;;;;;;;;;;;;;
2024/03/31;0000 UTC;;;;;;;;;;;;;;;;;;
2024/03/31;0100 UTC;;;;;;;;;;;;;;;;;;
2024/03/31;0200 UTC;;;;;;;;;;;;;;;;;;
2024/03/31;0300 UTC;;;;;;;;;;;;;;;;;;
2024/03/31;0400 UTC;;;;;;;;;;;;;;;;;;
2024/03/31;0500 UTC;;;;;;;;;;;;;;;;;;
2024/03/31;0600 UTC;;;;;;;;;;;;;;;;;;
2024/03/31;0700 UTC;;;;;;;;;;;;;;;;;;
2024/03/31;0800 UTC;;;;;;;;;;;;;;;;;;
2024/03/31;0900 UTC;;;;;;;;;;;;;;;;;;
2024/03/31;1000 UTC;;;;;;;;;;;;;;;;;;
2024/03/31;1100 UTC;;;;;;;;;;;;;;;;;;
2024/03/31;1200 UTC;;;;;;;;;;;;;;;;;;
2024/03/31;1300 UTC;;;;;;;;;;;;;;;;;;
2024/03/31;1400 UTC;;;;;;;;;;;;;;;;;;
2024/03/31;1500 UTC;;;;;;;;;;;;;;;;;;
2024/03/31;1600 UTC;;;;;;;;;;;;;;;;;;
2024/03/31;1700 UTC;;;;;;;;;;;;;;;;;;
2024/03/31;1800 UTC;;;;;;;;;;;;;;;;;;
2024/03/31;1900 UTC;;;;;;;;;;;;;;;;;;
2024/03/31;2000 UTC;;;;;;;;;;;;;;;;;;
2024/03/31;2100 UTC;;;;;;;;;;;;;;;;;;
2024/03/31;2200 UTC;;;;;;;;;;;;;;;;;;
2024/03/31;2300 UTC;;;;;;;;;;;;;;;;;;
2024/04/01;0000 UTC;;;;;;;;;;;;;;;;;;
2024/04/01;0100 UTC;;;;;;;;;;;;;;;;;;
2024/04/01;0200 UTC;;;;;;;;;;;;;;;;;;
2024/04/01;0300 UTC;;;;;;;;;;;;;;;;;;
2024/04/01;0400 UTC;;;;;;;;;;;;;;;;;;
2024/04/01;0500 UTC;;;;;;;;;;;;;;;;;;
2024/04/01;0600 UTC;;;;;;;;;;;;;;;;;;
2024/04/01;0700 UTC;;;;;;;;;;;;;;;;;;
2024/04/01;0800 UTC;;;;;;;;;;;;;;;;;;
2024/04/01;0900 UTC;;;;;;;;;;;;;;;;;;
2024/04/01;1000 UTC;;;;;;;;;;;;;;;;;;
2024/04/01;1100 UTC;;;;;;;;;;;;;;;;;;
2024/04/01;1200 UTC;;;;;;;;;;;;;;;;;;
2024/04/01;1300 UTC;;;;;;;;;;;;;;;;;;
2024/04/01;1400 UTC;;;;;;;;;;;;;;;;;;
2024/04/01;1500 UTC;;;;;;;;;;;;;;;;;;
2024/04/01;1600 UTC;;;;;;;;;;;;;;;;;;
2024/04/01;1700 UTC;;;;;;;;;;;;;;;;;;
2024/04/01;1800 UTC;;;;;;;;;;;;;;;;;;
2024/04/01;1900 UTC;;;;;;;;;;;;;;;;;;
2024/04/01;2000 UTC;;;;;;;;;;;;;;;;;;
2024/04/01;2100 UTC;;;;;;;;;;;;;;;;;;
2024/04/01;2200 UTC;;;;;;;;;;;;;;;;;;
2024/04/01;2300 UTC;;;;;;;;;;;;;;;;;;
2024/04/02;0000 UTC;;;;;;;;;;;;;;;;;;
2024/04/02;0100 UTC;;;;;;;;;;;;;;;;;;
2024/04/02;0200 UTC;;;;;;;;;;;;;;;;;;
2024/04/02;0300 UTC;;;;;;;;;;;;;;;;;;
2024/04/02;0400 UTC;;;;;;;;;;;;;;;;;;
2024/04/02;0500 UTC;;;;;;;;;;;;;;;;;;
2024/04/02;0600 UTC;;;;;;;;;;;;;;;;;;
2024/04/02;0700 UTC;;;;;;;;;;;;;;;;;;
2024/04/02;0800 UTC;;;;;;;;;;;;;;;;;;
2024/04/02;0900 UTC;;;;;;;;;;;;;;;;;;
2024/04/02;1000 UTC;;;;;;;;;;;;;;;;;;
2024/04/02;1100 UTC;;;;;;;;;;;;;;;;;;
2024/04/02;1200 UTC;;;;;;;;;;;;;;;;;;
2024/04/02;1300 UTC;;;;;;;;;;;;;;;;;;
2024/04/02;1400 UTC;;;;;;;;;;;;;;;;;;
2024/04/02;1500 UTC;0;907,6;907,7;907,5;2025,2;25,4;17,3;25,9;23,6;19;17,3;72;60;61;196;3,9;1;
2024/04/02;1600 UTC;;;;;;;;;;;;;;;;;;
2024/04/02;1700 UTC;0;906,4;907;906,4;5063,8;26,1;18,8;27,1;24,3;20,1;17,7;69;59;64;245;4,5;,6;
2024/04/02;1800 UTC;0;905,7;906,4;905,7;2804,8;28,3;17,7;28,6;25,3;19,8;17;65;53;53;221;6,3;,5;
2024/04/02;1900 UTC;0;905,2;905,7;905,2;2199,7;26,7;18;28,3;26,3;18,7;16,3;61;52;59;238;4,6;1;
2024/04/02;2000 UTC;0;905,1;905,3;905,1;1464,1;26,5;18,4;26,8;25,3;18,7;17;63;56;61;175;4,1;,7;
2024/04/02;2100 UTC;0;905,2;905,2;905;632,6;24;17,5;26,5;24;18,6;17,5;67;60;67;195;3,4;1;
2024/04/02;2200 UTC;0;905,1;905,3;905,1;35,7;22;17,9;24;22;18,1;17,6;78;67;78;160;2,7;0;
2024/04/02;2300 UTC;0;905,4;905,4;905,1;;21,3;18,3;22;21,2;18,3;17,9;83;78;83;147;2,6;,2;
2024/04/03;0000 UTC;0;905,8;905,8;905,4;;21;18,4;21,4;20,9;18,6;18,2;86;82;85;132;2,6;0;
2024/04/03;0100 UTC;0;906,3;906,3;905,8;;20,8;17,8;21,2;20,8;18,5;17,8;86;83;83;123;3,2;0;
2024/04/03;0200 UTC;0;906,5;906,5;906,3;;20,2;16,8;21,7;20,2;17,8;16,7;83;76;81;75;2,2;0;
2024/04/03;0300 UTC;0;906,5;906,6;906,5;;20;16,8;20,6;20;17,4;16,8;83;81;82;309;0;0;
2024/04/03;0400 UTC;0;906,5;906,6;906,5;;20,6;17,2;20,9;19,7;17,5;16,7;84;80;81;60;1,6;0;
2024/04/03;0500 UTC;0;906,3;906,6;906,3;;20,4;16,7;20,8;20,2;17,3;16,7;82;79;79;71;3,5;,1;
2024/04/03;0600 UTC;0;906,3;906,3;906,2;;20,3;16,5;20,4;19,4;17;16,2;83;78;79;50;3,6;,3;
2024/04/03;0700 UTC;0;906,3;906,3;906,2;;21,3;15,9;21,7;20,3;16,5;15,9;79;70;72;49;4,6;2,4;
2024/04/03;0800 UTC;0;906,3;906,3;906,1;;20,9;16,1;21,5;20,9;16,1;15,7;74;70;74;44;6,1;3,1;
2024/04/03;0900 UTC;0;906,7;906,7;906,3;;20,6;16,5;21,1;20,4;16,5;16,1;78;74;77;29;7,4;3;
2024/04/03;1000 UTC;0;906,7;906,8;906,6;8,9;20,5;16,5;20,6;20,3;16,7;16,4;79;77;78;35;7;2,1;
2024/04/03;1100 UTC;0;907,1;907,1;906,7;453,7;20,9;17,2;20,9;20,5;17,2;16,5;80;78;80;9;7,6;3,6;
2024/04/03;1200 UTC;0;907,5;907,5;907,1;1287,7;22,3;18;22,3;20,8;18,1;17,2;81;77;77;353;9;4,1;
2024/04/03;1300 UTC;0;908;908;907,5;2044,5;23,9;18,4;24,2;22,2;19;17,8;77;71;71;351;9,4;3,8;
2024/04/03;1400 UTC;0;908;908,1;907,9;2633,4;24,9;19;25,2;23,7;19,3;18,2;73;68;70;342;9,6;3,9;
2024/04/03;1500 UTC;0;907,9;908;907,8;3025,7;27,1;19,8;27,1;25;20,5;18,6;71;65;65;331;8,8;2,9;
2024/04/03;1600 UTC;0;907,1;907,9;907,1;3171,8;27,1;19,1;27,3;26,3;19,7;18,4;65;59;62;332;8,8;4,5;
2024/04/03;1700 UTC;0;906,4;907,1;906,4;3076,9;27,6;19,2;28,3;26,9;19,9;18,4;63;58;60;340;8,8;3,6;
2024/04/03;1800 UTC;0;905,7;906,4;905,7;2736,1;27,9;18,6;28,7;27,6;20,2;17,7;62;53;57;332;7,2;2,8;
2024/04/03;1900 UTC;0;905,5;905,7;905,5;2129,1;28,2;18,5;28,6;27,8;19,4;17,7;58;53;56;348;5,7;2,5;
2024/04/03;2000 UTC;0;905,5;905,5;905,4;1415,1;27,5;17,9;28,2;27,4;18,7;17,6;57;54;56;345;5,5;2,4;
2024/04/03;2100 UTC;0;905,8;905,8;905,5;601,1;26,2;18,1;27,5;26,1;18,4;17,4;62;55;61;333;4,5;1,8;
2024/04/03;2200 UTC;0;906;906;905,7;37,7;25,1;18,3;26,2;25;18,3;18,1;66;61;66;328;3,9;1,6;
2024/04/03;2300 UTC;0;906,5;906,5;906;;24,9;18,3;25,4;24,7;18,4;18,1;67;65;67;324;3,3;2,1;
2024/04/04;0000 UTC;0;907,4;907,4;906,5;;24,8;18,3;25,1;24,6;18,4;18,3;68;66;67;307;4,1;2,5;
2024/04/04;0100 UTC;0;908,2;908,2;907,3;;25;18,2;25,1;24,6;18,6;18,2;68;66;66;299;3,7;1,7;
2024/04/04;0200 UTC;0;908,6;908,6;908,2;;24,7;18,6;25,1;24,6;18,7;18;69;66;69;275;3;0;
2024/04/04;0300 UTC;0;908,4;908,8;908,3;;24,6;18,3;24,8;24,2;18,7;18,1;71;67;68;277;1,4;0;
2024/04/04;0400 UTC;0;908,5;908,7;908,4;;23,6;18,1;24,5;23,6;18,4;18;71;68;71;213;0;0;
2024/04/04;0500 UTC;0;907,4;908,5;907,4;;23,4;17,5;24,1;23,3;18,4;17,4;72;68;70;130;2,3;0;
2024/04/04;0600 UTC;0;907,3;907,5;907,3;;22,3;17,7;23,9;22,2;17,9;17,3;75;69;75;305;1,7;0;
2024/04/04;0700 UTC;0;907,5;907,5;907,2;;23,6;17,9;23,8;22;18,1;17,5;77;70;70;32;2;0;
2024/04/04;0800 UTC;0;906,9;907,5;906,9;;23,4;18,4;24;23,3;18,5;17,9;74;70;73;359;4,6;3;
2024/04/04;0900 UTC;0;907,5;907,5;906,9;;22,9;18,1;23,4;22,5;18,4;18,1;76;73;74;344;5,2;2,8;
2024/04/04;1000 UTC;0;908,5;908,5;907,5;5,3;22,2;18,3;23,2;22,1;18,3;18;79;73;79;341;6,5;3,4;
2024/04/04;1100 UTC;0;908,9;908,9;908,4;172,1;21,3;18,4;22,4;21,2;18,4;18,3;84;78;84;356;5,9;2,8;
2024/04/04;1200 UTC;0;908,8;909,1;908,7;653;22,8;18,9;22,8;21,3;18,9;18,4;84;79;79;6;5,1;1,8;
2024/04/04;1300 UTC;0;909,5;909,5;908,7;1182,5;23,2;19,2;23,4;22,8;19,4;18,8;79;77;78;349;6,3;2,9;
2024/04/04;1400 UTC;0;910,2;910,2;909,5;1325,4;24,2;20,1;24,2;23,1;20,1;19,1;79;77;78;348;6,7;2,2;
2024/04/04;1500 UTC;0;910;910,2;910;2243,6;25,4;19,8;25,8;24,2;20,6;19,5;79;70;71;342;6,8;4,1;
2024/04/04;1600 UTC;0;909,5;910;909,5;1991,5;26,1;20;26,4;25,1;20,9;19,6;74;68;69;333;7,8;3,5;
2024/04/04;1700 UTC;0;908,9;909,5;908,6;1622,7;26,1;20,5;26,1;25,5;20,5;19,6;72;68;71;341;8,1;3,3;
2024/04/04;1800 UTC;0;908,6;908,9;908,4;1354,7;25,8;19,9;26,2;25,5;20,3;19,6;72;69;70;321;7,9;3,7;
2024/04/04;1900 UTC;0;908,4;908,6;908,4;811,3;25,6;20,5;25,8;25,5;20,5;19,9;74;70;74;305;7,1;1,3;
2024/04/04;2000 UTC;0;908,4;908,4;908,2;556,3;25;20,8;25,7;25;20,8;20,2;78;72;77;277;3,4;1,3;
2024/04/04;2100 UTC;0;908,6;908,6;908,4;243,4;24,6;20,6;25,1;24,6;21;20,5;78;77;78;183;2,3;0;
2024/04/04;2200 UTC;0;908,7;908,7;908,6;7,9;23,6;20,4;24,6;23,6;20,6;20,3;83;78;83;193;0;0;
2024/04/04;2300 UTC;0;908,9;908,9;908,7;;22,3;20,2;23,6;22,3;20,5;20,2;88;83;88;145;1,7;0;
2024/04/05;0000 UTC;0;909;909;908,8;;21,9;19,9;22,3;21,8;20,2;19,6;89;87;89;133;2,2;0;
2024/04/05;0100 UTC;0;909,1;909,1;908,8;;22,4;20,2;22,5;21,8;20,4;19,8;89;87;87;127;3;1,1;
2024/04/05;0200 UTC;0;909,5;909,5;909,1;;21,7;19,4;22,4;21,6;20,2;19,2;89;86;87;159;3,4;0;
2024/04/05;0300 UTC;0;909,6;909,6;909,4;;21,8;19,5;21,8;21,4;19,5;19,2;87;87;87;112;3;1,5;
2024/04/05;0400 UTC;0;909,7;909,8;909,5;;22;19,9;22;21,5;20;19,5;90;87;88;77;3,3;1,2;
2024/04/05;0500 UTC;0;909,5;909,7;909,5;;21,9;19,8;22,1;21,5;19,9;19,6;89;87;88;45;2,3;,2;
2024/04/05;0600 UTC;0;909,3;909,5;909,3;;21,9;19,4;22,1;21,7;19,8;19,3;88;85;86;351;1,8;0;
2024/04/05;0700 UTC;0;909;909,3;909;;21,7;19,6;22,3;21,7;19,7;19,4;88;84;88;58;3,1;0;
2024/04/05;0800 UTC;0;908,9;909;908,8;;22,8;19,1;22,8;21,3;19,7;19,1;89;79;79;29;2,9;2,3;
2024/04/05;0900 UTC;0;909,3;909,3;908,9;;23;18,7;23;22,6;19;18,6;79;77;77;357;3,9;2,7;
2024/04/05;1000 UTC;0;909,6;909,6;909,3;4;23,1;18,5;23,4;23;18,7;18,4;77;74;75;354;4,2;2,8;
2024/04/05;1100 UTC;0;910,2;910,2;909,6;328,4;23,3;18,9;23,4;22,7;18,9;18,4;78;75;76;358;4,7;2,8;
2024/04/05;1200 UTC;0;910,8;910,8;910,2;1114,2;24,8;19,7;24,8;23,2;19,9;18,7;78;73;74;357;4,7;2;
2024/04/05;1300 UTC;0;910,9;911;910,7;1496,5;24,8;19,5;26,2;24,2;20,7;19,2;76;69;72;347;4,6;2,3;
2024/04/05;1400 UTC;0;910,8;911;910,8;2447,4;27;19,1;27,4;24,7;20,7;18,8;73;61;62;338;6;2,8;
2024/04/05;1500 UTC;0;910,2;910,8;910,2;2678,7;27,9;19,9;28,2;26,5;20,9;18,9;68;60;62;287;6;1;
2024/04/05;1600 UTC;0;909,9;910,3;909,8;650,8;24,9;19,7;27,9;24,9;19,7;18,8;73;60;73;256;4,8;1,4;
2024/04/05;1700 UTC;,2;909,6;910;909,3;144,5;21;19,1;24,9;20,7;20,2;19,1;92;73;89;244;5,6;2,5;
2024/04/05;1800 UTC;,8;908,9;909,8;908,9;265,9;19,1;18,2;22,2;19,1;19;17;95;72;95;185;8;2,4;
2024/04/05;1900 UTC;,2;908,1;908,9;907,8;1451;23,9;18,6;24,2;19;19,6;17,7;95;69;72;268;6;3;
2024/04/05;2000 UTC;0;908,5;908,5;908,1;1433,6;23,9;18,6;24;22,9;20,1;18,2;82;71;73;229;4,6;1,9;
2024/04/05;2100 UTC;0;908,7;908,7;908,5;484,3;22,3;19,3;24;22,1;19,4;18,6;84;72;83;197;3,2;1,7;
2024/04/05;2200 UTC;0;909,2;909,3;908,6;22,3;21,3;18,7;22,4;21,3;19,4;18,6;85;81;85;181;4;1,5;
2024/04/05;2300 UTC;0;909,5;909,5;909,2;;21,2;19;21,3;20,7;19,2;18,6;89;85;87;185;3,5;2,3;
2024/04/06;0000 UTC;0;909,7;909,7;909,5;;21,1;19;21,6;21,1;19,3;19;88;86;88;171;4,3;1,8;
2024/04/06;0100 UTC;0;909,7;909,8;909,6;;20,4;19,2;21,1;20,3;19,2;18,7;93;88;93;144;3,5;1,1;
2024/04/06;0200 UTC;0;909,3;909,8;909,3;;20,2;19,1;20,6;20,2;19,4;19,1;93;92;93;137;3,5;1,7;
2024/04/06;0300 UTC;0;909,5;909,5;909,3;;19,4;18,5;20,2;19,4;19,1;18,5;95;93;95;130;4,3;1,7;
2024/04/06;0400 UTC;0;909,1;909,5;909,1;;18,9;18,1;19,4;18,8;18,5;18;95;95;95;127;4,8;1,7;
2024/04/06;0500 UTC;0;908,9;909,1;908,8;;18,5;17,5;18,9;18,4;18,1;17,5;95;94;94;110;4,5;1,8;
2024/04/06;0600 UTC;,2;908,7;908,9;908,7;;18;17,1;18,5;18;17,5;17,1;95;94;94;108;3,2;,9;
2024/04/06;0700 UTC;0;908,1;908,7;908,1;;17,8;16,9;18,2;17,8;17,2;16,8;94;93;94;86;3,1;,8;
2024/04/06;0800 UTC;0;908,1;908,1;908;;17,7;16,8;17,9;17,6;16,9;16,7;95;94;94;92;3,3;1,4;
2024/04/06;0900 UTC;0;908,4;908,4;908,1;;17,5;16,7;17,7;17,4;16,8;16,6;95;94;95;88;3,2;,7;
2024/04/06;1000 UTC;0;908,9;908,9;908,4;8,3;17,4;16,7;17,5;17,1;16,7;16,3;96;95;95;97;3,7;1,4;
2024/04/06;1100 UTC;0;909,6;909,6;908,9;371,7;19,2;17,4;19,2;17,4;17,4;16,7;95;89;89;81;3,9;1,6;
2024/04/06;1200 UTC;0;910;910;909,6;1218,9;20,9;17,7;20,9;19,2;18;16,9;89;81;82;63;4,1;1,5;
2024/04/06;1300 UTC;0;909,9;910;909,8;1977,2;22,4;17,6;22,6;20,9;18,7;17,4;82;73;74;56;6,7;1,9;
2024/04/06;1400 UTC;0;909,6;909,9;909,6;2560;24,6;18,9;24,7;22,4;19,4;17,4;76;67;71;69;6,7;1,3;
2024/04/06;1500 UTC;0;909;909,6;909;2912,6;25,6;18,9;26,1;24,4;19,5;17,7;71;62;66;36;5,4;1,6;
2024/04/06;1600 UTC;0;908,3;909;908,3;3026;26,6;18,6;27,1;25,6;19,9;17,9;67;59;62;9;6,2;2;
2024/04/06;1700 UTC;0;907,7;908,3;907,7;2723,1;27,3;17,7;27,6;26,1;19,8;17,5;64;56;56;7;6;1,4;
2024/04/06;1800 UTC;0;907,3;907,7;907,3;2008,8;27,9;18,5;27,9;26,1;19,2;17,6;61;55;57;41;4,5;,8;
2024/04/06;1900 UTC;0;906,9;907,3;906,9;1649,5;27,4;18,1;28,4;26,4;18,8;16,9;60;51;57;54;5,5;,2;
2024/04/06;2000 UTC;0;906,7;906,9;906,6;1154,7;27,3;17,6;28,1;26,3;18,8;17,5;60;55;55;358;5,1;1,9;
2024/04/06;2100 UTC;0;906,7;906,7;906,5;611,2;25,6;18,5;27,4;25,6;18,6;17,3;65;55;65;17;5,1;1,3;
2024/04/06;2200 UTC;0;907;907,1;906,7;44;22,1;17,2;25,7;22,1;18,6;17,2;74;64;74;58;7,3;1,8;
2024/04/06;2300 UTC;0;907,7;907,7;907;;19,7;16,5;22,1;19,7;17,3;16,5;82;74;82;50;5,9;,8;
2024/04/07;0000 UTC;0;908;908;907,7;;18,4;16,1;20;18,4;16,7;16;86;80;86;83;4,8;,6;
2024/04/07;0100 UTC;0;907,9;908,2;907,9;;18,8;15,9;18,9;18,1;16,2;15,8;87;83;83;49;7;3,1;
2024/04/07;0200 UTC;0;907,4;908;907,4;;18,3;15,7;19;18,3;16;15,6;85;82;85;53;7,9;2,9;
2024/04/07;0300 UTC;0;907,6;907,7;907,4;;17,7;15,4;18,4;17,7;15,8;15,4;86;84;86;45;9;3,8;
2024/04/07;0400 UTC;0;907,7;907,9;907,6;;17,5;15,3;17,7;17,4;15,4;15,3;88;86;87;42;9,1;4,4;
2024/04/07;0500 UTC;0;908,2;908,2;907,6;;17,2;15,3;17,5;17,1;15,4;15,2;89;87;89;48;8,6;3,8;
2024/04/07;0600 UTC;0;907,5;908,4;907,4;;16,7;15,1;17,2;16,7;15,3;15,1;90;89;90;41;8,3;3,7;
2024/04/07;0700 UTC;0;906,2;907,5;906;;16,5;15;16,7;16,4;15,1;14,8;91;90;90;43;9,7;3,2;
2024/04/07;0800 UTC;0;907,1;907,2;906,1;;16,6;14,9;16,7;16,4;15;14,8;91;90;90;11;8,8;3,7;
2024/04/07;0900 UTC;0;907,4;907,4;906,9;;16,8;14,8;16,9;16,5;15;14,8;90;88;88;38;8,6;2,5;
2024/04/07;1000 UTC;0;907,3;907,5;907,1;;17,4;14,7;17,4;16,8;14,9;14,7;88;84;84;32;9,9;3,5;
2024/04/07;1100 UTC;0;910,2;910,2;907,3;6,3;17,3;14,9;17,6;17,2;14,9;14,6;86;84;86;185;9,9;,2;
2024/04/07;1200 UTC;1,4;910,4;910,8;910,1;12,7;16,3;15,7;17,3;16,3;15,8;14,9;96;86;96;136;4,3;,2;
2024/04/07;1300 UTC;2,2;910,8;910,9;910,4;39;16,2;15,7;16,3;16,1;15,8;15,6;97;96;97;125;3,3;,2;
2024/04/07;1400 UTC;2,2;911,2;911,2;910,6;109,4;16,1;15,7;16,4;16,1;15,9;15,7;97;97;97;186;2,7;0;
2024/04/07;1500 UTC;3,4;910,4;911,2;910,4;254,7;16,5;16,1;16,7;16,1;16,3;15,7;97;97;97;125;2,1;,1;
2024/04/07;1600 UTC;5,6;911;911,1;910,4;169,7;16,6;16,2;16,6;16,3;16,2;15,9;98;97;98;165;4;1,3;
2024/04/07;1700 UTC;9,2;910,7;911;910,5;125,5;16,5;16,1;16,7;16,5;16,3;16,1;98;97;98;120;3,3;0;
2024/04/07;1800 UTC;9,6;909,7;910,7;909,7;104,2;16,3;16;16,5;16,3;16,1;15,9;98;98;98;91;3,2;,8;
2024/04/07;1900 UTC;5,6;908,2;909,7;908,2;102,7;16,5;16,1;16,5;16,3;16,1;15,9;98;98;98;18;6,4;2,8;
2024/04/07;2000 UTC;,4;907,4;908,2;907,4;128,3;16,7;16,3;16,7;16,4;16,4;16,1;98;98;98;15;6,4;2,7;
2024/04/07;2100 UTC;,2;907,2;907,6;907,2;76,5;17;16,3;17,1;16,7;16,6;16,2;98;95;95;1;10,1;4;
2024/04/07;2200 UTC;0;907,1;907,2;906,9;6,2;17;16;17,2;16,9;16,3;16;95;94;94;356;6,9;2,9;
2024/04/07;2300 UTC;0;907;907,1;906,6;;16,9;16,1;17;16,8;16,2;15,9;95;94;95;357;6;3,7;
2024/04/08;0000 UTC;0;907,3;907,3;906,8;;17,1;16,2;17,2;16,9;16,3;16;95;94;94;357;6,8;4,5;
2024/04/08;0100 UTC;0;908;908;907,3;;17,5;16,4;17,8;17;16,6;16,1;95;92;93;346;8;4,8;
2024/04/08;0200 UTC;0;908,3;908,3;908;;17,7;16,6;18,1;17,3;16,9;16,3;94;91;93;341;8,5;4,6;
2024/04/08;0300 UTC;0;908,4;908,6;908,2;;18;16,5;18;17,4;16,7;16,3;94;90;90;331;7,7;4;
2024/04/08;0400 UTC;0;908,1;908,5;908;;18,5;16;18,5;18;16,4;15,9;90;85;86;333;7,3;3,1;
2024/04/08;0500 UTC;0;907,9;908,1;907,9;;18,2;16,4;18,8;18,2;16,4;15,8;89;83;89;341;5,5;3;
2024/04/08;0600 UTC;0;907,5;907,9;907,4;;18,8;16;18,8;18;16,6;16;90;84;84;316;5,8;2,1;
2024/04/08;0700 UTC;0;907;907,5;907;;17,9;16;19,6;17,8;16;15,6;89;79;89;340;3,6;2,3;
2024/04/08;0800 UTC;0;906,8;907;906,7;;19;15,8;19,9;17,9;16,5;15,7;89;80;82;330;3,3;1,2;
2024/04/08;0900 UTC;,4;907,1;907,1;906,8;;18,3;16,2;19,1;18;16,2;15,6;88;81;88;340;2,9;1,7;
2024/04/08;1000 UTC;1;907,1;907,3;907,1;;17,5;16,4;18,8;17,4;16,6;15,9;94;84;93;358;4,1;3;
2024/04/08;1100 UTC;,2;907,4;907,5;907,1;141,6;18,3;16,4;18,4;17,5;16,5;16,2;93;88;89;350;5,3;3,1;
2024/04/08;1200 UTC;0;907,9;908;907,3;312,1;18,2;16,9;18,6;18;16,9;16,4;92;89;92;347;6,6;1,9;
2024/04/08;1300 UTC;0;908,3;908,4;907,9;639,4;18,6;17,4;18,8;18,2;17,5;16,9;93;91;92;31;3,9;,2;
2024/04/08;1400 UTC;0;908,5;908,6;908,3;747,1;19,4;17,7;19,7;18,6;18,1;17,3;93;89;90;56;2,2;0;
2024/04/08;1500 UTC;0;907,9;908,5;907,9;1113,5;20,8;19,1;20,8;19,3;19,1;17,7;92;90;90;358;4,7;1,9;
2024/04/08;1600 UTC;0;907,2;907,9;907,2;1664,4;21,9;19,4;21,9;20,5;19,6;18,5;90;84;85;351;5;2,1;
2024/04/08;1700 UTC;0;906,8;907,2;906,8;1531,6;22,2;18,8;22,8;21,5;20;18,7;85;80;81;351;4,9;2;
2024/04/08;1800 UTC;0;906,4;906,8;906,4;1513,7;22,8;19,3;23,4;21,9;19,7;18,8;85;78;80;340;4,4;2,5;
2024/04/08;1900 UTC;0;906,2;906,5;906,1;2072,6;23,4;19,6;24;21,9;20,5;19;86;78;79;9;4,9;1,6;
2024/04/08;2000 UTC;0;906;906,2;906;1100,5;21,9;18,5;23,9;21,9;20;18,2;82;75;81;357;4,4;,4;
2024/04/08;2100 UTC;0;906,1;906,1;905,9;389,1;21,6;18,9;22,2;21,5;19,2;18,5;85;81;85;336;2,8;0;
2024/04/08;2200 UTC;0;906,3;906,3;906;21,2;20,9;19;21,6;20,5;19;18,6;89;85;89;7;0;0;
2024/04/08;2300 UTC;0;906,5;906,5;906,3;;20,6;19,2;20,9;20;19,2;18,6;92;89;91;26;0;0;
2024/04/09;0000 UTC;0;906,8;906,8;906,5;;20,3;18,2;21,1;20,2;19,2;18;91;86;88;26;0;0;
2024/04/09;0100 UTC;0;907,2;907,2;906,8;;20,4;18,4;20,8;20,3;18,6;18,2;89;86;89;11;2,6;1,9;
2024/04/09;0200 UTC;0;907,3;907,3;907,2;;19,7;18,4;20,5;19,7;18,6;18,3;92;88;92;10;4,5;2,4;
2024/04/09;0300 UTC;0;907,2;907,3;907,2;;19,2;18,5;19,7;19,1;18,5;18,3;96;92;96;356;5,2;3,5;
2024/04/09;0400 UTC;0;907,1;907,3;907,1;;19;18,3;19,4;19;18,8;18,2;96;96;96;20;5,4;2,1;
2024/04/09;0500 UTC;0;907,1;907,2;907;;18,5;17,4;19;18,5;18,3;17,4;96;93;94;2;4,4;2,3;
2024/04/09;0600 UTC;0;906,9;907,1;906,9;;18,5;17,4;18,6;18,3;17,6;17,4;95;93;93;12;5,7;3,8;
2024/04/09;0700 UTC;0;906,7;906,9;906,7;;18,4;16,9;18,7;18,3;17,5;16,9;93;91;91;14;5,7;3,1;
2024/04/09;0800 UTC;0;906,9;907;906,6;;18,1;16,9;18,4;18,1;16,9;16,8;93;91;92;14;6,4;3,2;
2024/04/09;0900 UTC;0;907,4;907,4;906,9;;18;16,7;18,3;18;16,9;16,6;92;91;92;6;6,6;3,4;
2024/04/09;1000 UTC;0;907,8;907,8;907,3;4,2;18,1;16,7;18,1;17,8;16,7;16,5;92;91;91;5;5,3;3,4;
2024/04/09;1100 UTC;0;908,4;908,4;907,8;434,9;18,9;16,9;18,9;18;16,9;16,6;91;88;88;2;5,8;3,4;
2024/04/09;1200 UTC;0;909,3;909,3;908,4;1264,1;20,5;18;20,5;18,9;18;16,8;88;84;85;360;5,8;2,8;
2024/04/09;1300 UTC;0;909,5;909,5;909,3;2024,9;21,8;18,2;21,9;20,3;18,8;17,2;85;79;80;347;4,8;3;
2024/04/09;1400 UTC;0;909,7;909,8;909,5;2623,8;23,4;18,7;23,6;21,7;19,6;17,8;81;74;75;315;5,6;3,1;
2024/04/09;1500 UTC;0;909,3;909,7;909,3;2887,8;25,2;19,6;25,2;23;19,6;17,6;76;65;71;327;5,1;1,2;
2024/04/09;1600 UTC;0;908,8;909,3;908,8;2882,7;25,7;18,8;26,3;24,2;19,5;16,9;72;58;66;244;4,1;1,1;
2024/04/09;1700 UTC;0;908;908,8;908;2954,9;26,7;17,6;27,3;25,7;19,6;16,8;66;55;58;207;3,4;,4;
2024/04/09;1800 UTC;0;907,4;908;907,4;2556,9;27,1;18,4;27,2;25,6;19,2;17;63;56;59;160;4,9;1;
2024/04/09;1900 UTC;0;907,1;907,4;907;1977;26,2;18,6;27,5;25,7;19,5;17,6;65;57;63;161;5,1;1;
2024/04/09;2000 UTC;0;906,9;907,1;906,9;1308,8;25,8;19,1;26,5;24,6;19,4;17;68;58;66;170;3,6;1;
2024/04/09;2100 UTC;0;906,7;906,9;906,7;535,1;23;18,8;25,8;23;19,3;18,4;77;66;77;152;3,4;,5;
2024/04/09;2200 UTC;0;906,6;906,8;906,6;9,6;21,2;18,7;23;21,1;18,8;18,5;86;77;86;155;3,2;,6;
2024/04/09;2300 UTC;0;906,6;906,7;906,4;;20,5;18,5;21,3;20,5;18,9;18,4;88;85;88;148;3,2;0;
2024/04/10;0000 UTC;0;907,1;907,1;906,5;;20,7;18,1;20,7;20,2;18,6;18,1;89;85;85;174;0;0;
2024/04/10;0100 UTC;0;907,4;907,4;907,1;;21,3;16,1;21,7;20,7;18,1;16,1;85;72;72;149;0;0;
2024/04/10;0200 UTC;0;907,5;907,5;907,4;;21,5;16,3;21,9;21,1;16,9;16,1;75;71;72;125;0;0;
2024/04/10;0300 UTC;0;907,5;907,6;907,5;;21,4;16,5;21,7;21,4;16,6;16,3;74;72;74;130;0;0;
2024/04/10;0400 UTC;0;907,4;907,5;907,3;;21,4;16,5;21,7;21,2;16,8;16,3;75;73;73;150;0;0;
2024/04/10;0500 UTC;0;907,2;907,4;907,2;;19,1;15,9;21,6;19,1;16,5;15,9;82;72;82;51;0;0;
2024/04/10;0600 UTC;0;907,1;907,2;907;;19,4;17;19,6;18,8;17,2;16;88;82;86;2;0;0;
2024/04/10;0700 UTC;0;906,8;907,1;906,7;;21,1;14,7;21,1;19,4;17,1;14,7;86;67;67;12;0;0;
2024/04/10;0800 UTC;0;906,3;906,8;906,3;;20;15,8;21,1;20;15,9;14,4;77;67;77;9;4;2,5;
2024/04/10;0900 UTC;0;906,4;906,4;906,3;;19,2;16,2;20;19,1;16,3;15,8;83;77;83;353;4,3;2,9;
2024/04/10;1000 UTC;0;906,6;906,6;906,3;3,5;19,8;16,6;19,8;19,2;16,6;16,1;83;80;81;2;4,8;3,3;
2024/04/10;1100 UTC;0;907,3;907,3;906,6;422,9;20,7;17,3;20,7;19,6;17,3;16,5;83;80;81;355;4,4;2,1;
2024/04/10;1200 UTC;0;908;908;907,3;1223,9;23;18,2;23;20,7;18,7;17,3;81;75;75;354;3,7;0;
2024/04/10;1300 UTC;0;908,1;908,3;907,9;1961,7;23,6;19,1;24,3;22,6;19,7;17,8;79;72;76;336;1,7;0;
2024/04/10;1400 UTC;0;908,1;908,3;908,1;2357,6;25,5;18,9;25,6;23,5;19,9;17;76;61;67;357;1,5;0;
2024/04/10;1500 UTC;0;907,4;908,2;907,4;1763,5;25;17,4;25,6;24,8;18,9;16,7;68;59;63;341;3,5;1,5;
2024/04/10;1600 UTC;0;906,9;907,5;906,9;1926,1;24,9;17,8;25,4;24,7;19;16,9;68;61;65;325;4,4;,9;
2024/04/10;1700 UTC;0;906,2;906,9;906,2;1555,5;25,8;17,8;25,9;24,8;18,5;16,7;67;58;61;43;4,4;0;
2024/04/10;1800 UTC;0;906,3;906,3;906;1419,7;25,2;17,9;26,3;25;18,5;16,5;66;56;64;298;0;0;
2024/04/10;1900 UTC;0;905,6;906,3;905,6;711,6;24,7;17,7;25,3;24,7;18,1;16,8;65;60;65;30;0;0;
2024/04/10;2000 UTC;0;906,1;906,1;905,6;325,4;23,9;17,3;24,7;23,9;18,3;16,8;70;62;67;194;0;0;
2024/04/10;2100 UTC;0;906;906,1;905,9;105,6;22,7;18,3;23,9;22,7;18,3;17,2;77;66;77;167;0;0;
2024/04/10;2200 UTC;0;906,2;906,2;906;1,1;21,3;19,4;22,7;21,3;19,6;18,4;89;77;89;159;0;0;
2024/04/10;2300 UTC;0;906,6;906,9;906,1;;21,3;18,7;21,3;20,9;19,4;18,7;91;85;85;168;1,1;0;
2024/04/11;0000 UTC;0;907,3;907,3;906,5;;20,7;19,2;21,3;20,7;19,4;18,3;91;84;91;152;0;0;
2024/04/11;0100 UTC;0;907,4;907,5;907,3;;20,6;18,5;21;20,6;19,2;18,4;91;87;87;138;2,4;,1;
2024/04/11;0200 UTC;0;907,1;907,6;906,7;;19,6;17,2;20,6;19,6;18,4;17,2;87;83;86;153;3;0;
2024/04/11;0300 UTC;0;907,7;907,7;907,1;;19,8;18,8;20,1;19,6;18,9;17,4;94;86;94;161;3,2;0;
2024/04/11;0400 UTC;0;907,9;908;907,7;;19,9;18,9;20,1;19,8;19,2;18,8;95;94;94;122;1,9;0;
2024/04/11;0500 UTC;0;907,4;908;907,4;;20,2;18,3;20,4;19,9;18,9;18,2;94;88;89;103;3,1;,3;
2024/04/11;0600 UTC;0;907,1;907,8;907,1;;19,9;18,7;20,3;19,9;18,7;18,1;93;88;93;127;3,1;0;
2024/04/11;0700 UTC;0;907,1;907,3;906,7;;19,5;18,5;19,9;19,5;18,9;18,5;95;93;94;135;4,5;0;
2024/04/11;0800 UTC;0;907,3;907,3;906,9;;19,2;18,5;19,5;19,1;18,6;18,4;96;94;96;153;0;0;
2024/04/11;0900 UTC;0;907,9;908;907,3;;19;18,5;19,2;18,9;18,6;18,3;97;96;97;161;0;0;
2024/04/11;1000 UTC;0;908,4;908,5;907,7;2;18,7;18,2;19,1;18,7;18,6;18,2;97;97;97;126;3,5;0;
2024/04/11;1100 UTC;0;909;909;908,4;121,2;18,8;18,3;18,8;18,5;18,3;18;97;97;97;115;2;0;
2024/04/11;1200 UTC;0;909,4;909,4;909;1073,2;20,1;18,4;20,8;18,8;19,4;18;97;87;90;93;4,3;1,1;
2024/04/11;1300 UTC;0;909,5;909,6;909,4;1175,7;21,8;18,1;22;20;19,3;18,1;91;79;80;77;4,3;,4;
2024/04/11;1400 UTC;0;909,4;909,6;909,4;2124,9;23,2;18,8;23,4;21,8;19,4;17,5;83;73;76;33;5,7;1,4;
2024/04/11;1500 UTC;0;909,3;909,5;909,3;2010,5;23,6;18,2;24,6;23,2;20,1;18;77;70;72;31;5;,9;
2024/04/11;1600 UTC;0;909,2;909,4;909,2;1556,6;23,7;18,5;24,9;23,6;19,9;18,2;76;69;73;9;5;,7;
2024/04/11;1700 UTC;0;908,8;909,2;908,7;1314,9;23,9;18,6;24,4;23,5;19,7;18,3;76;71;72;337;5,4;1,7;
2024/04/11;1800 UTC;0;908,5;908,8;908,5;1013,7;24;18,9;24,2;23,8;19,3;18,6;75;71;73;337;5,4;1,2;
2024/04/11;1900 UTC;0;908,2;908,5;908,1;713,1;23,6;19;24,1;23,5;19,4;18,8;77;73;76;342;4;1,4;
2024/04/11;2000 UTC;0;908,2;908,2;908,1;421,1;23,7;19,4;23,7;23,3;19,6;18,8;78;75;77;325;3,2;0;
2024/04/11;2100 UTC;0;908,2;908,2;908,1;355,7;21,6;19,7;23,8;21,6;20,6;19,1;90;75;89;176;3;0;
2024/04/11;2200 UTC;0;908,5;908,6;908,2;4,4;20;18,8;21,6;20;19,7;18,7;93;89;93;140;0;0;
2024/04/11;2300 UTC;0;909,2;909,2;908,6;;20,3;19,5;20,4;19,9;19,5;18,9;95;93;95;124;1,3;0;
2024/04/12;0000 UTC;0;909,8;909,8;909,2;;20;19,1;20,3;20;19,5;19,1;95;94;94;108;2,8;0;
2024/04/12;0100 UTC;0;910,2;910,2;909,8;;19,6;18,4;20;19,6;19,1;18,3;95;92;93;86;4,8;1,1;
2024/04/12;0200 UTC;0;910,4;910,5;910,2;;19,5;17,9;19,7;19,2;18,4;17,9;93;90;90;69;4,7;1;
2024/04/12;0300 UTC;0;910,1;910,4;910,1;;19,4;17,3;19,5;19,3;17,9;17,3;90;87;87;80;4;,6;
2024/04/12;0400 UTC;0;909,9;910,1;909,9;;19,1;17;19,5;19;17,3;17;88;86;88;78;5;1;
2024/04/12;0500 UTC;0;909,8;910;909,8;;18,9;16,8;19,2;18,8;17,1;16,7;88;87;87;66;4,3;,5;
2024/04/12;0600 UTC;0;909,6;909,8;909,6;;18,2;16,2;18,9;18,2;16,8;16,2;88;87;88;70;4,9;,2;
2024/04/12;0700 UTC;0;909,2;909,6;909,2;;18,3;15,9;18,4;18;16,3;15,8;89;86;86;53;6,2;2;
2024/04/12;0800 UTC;0;909,4;909,4;909,1;;17,8;15,3;18,3;17,8;15,9;15,3;86;85;85;42;7;2,8;
2024/04/12;0900 UTC;0;909,7;909,7;909,3;;17,8;15;18;17,7;15,4;15;85;83;84;41;7,2;2,8;
2024/04/12;1000 UTC;0;910,2;910,2;909,7;6,2;17,6;15;17,8;17,4;15;14,9;86;84;85;49;6;2,9;
2024/04/12;1100 UTC;0;910,3;910,3;910,1;300,8;18;15,2;18,3;17,5;15,3;15;85;82;84;46;6,8;3,1;
2024/04/12;1200 UTC;0;910,7;910,7;910,3;792,9;19,1;15,7;19,2;18;15,9;15,3;85;80;81;44;6,9;2;
2024/04/12;1300 UTC;0;910,9;911;910,7;1073,9;19,8;16,2;19,8;19,1;16,3;15,6;82;78;80;48;7,3;1,8;
2024/04/12;1400 UTC;0;911;911;910,9;1483;21,8;16,7;21,8;19,8;16,9;16;81;73;73;33;6,8;2,2;
2024/04/12;1500 UTC;0;910,8;911,1;910,8;2372,5;23,2;17,2;24,2;21,8;18,1;16,6;75;65;69;38;5,5;1,5;
2024/04/12;1600 UTC;0;910,3;910,8;910,3;2913,6;25,1;17,4;25,9;23,2;18,8;17;69;60;62;357;5,5;1,2;
2024/04/12;1700 UTC;0;909,7;910,3;909,7;2724,8;26;17,9;26,3;24,9;18,6;16,7;65;57;61;48;4;,2;
2024/04/12;1800 UTC;0;909;909,7;909;2479,2;26,9;17,3;27,3;25,6;18,5;16,4;63;54;56;88;3,6;,4;
2024/04/12;1900 UTC;0;908,6;909;908,6;2137,8;26,7;17,5;27,6;26,4;18,3;15,8;60;51;57;110;3,7;0;
2024/04/12;2000 UTC;0;908,1;908,6;908,1;839,4;25,5;17,5;26,7;24,8;18,4;17;67;56;61;90;1,8;0;
2024/04/12;2100 UTC;0;908,1;908,1;907,9;483,7;24,1;17,5;26,1;24,1;18,3;16,8;67;58;66;113;3;,7;
2024/04/12;2200 UTC;0;908,4;908,4;908,1;2;22,6;17,4;24,1;22,2;17,6;17,2;73;66;72;72;3;,4;
2024/04/12;2300 UTC;0;908,8;908,8;908,3;;21,9;16,9;22,8;21,9;17,5;16,9;74;71;73;92;5,6;1,6;
2024/04/13;0000 UTC;0;909,3;909,3;908,8;;21;16,5;21,9;21;16,9;16,5;76;73;75;84;6,7;1,1;
2024/04/13;0100 UTC;0;909,5;909,6;909,3;;21,3;16,2;21,3;20,9;16,6;16,1;76;73;73;59;7,1;2,9;
2024/04/13;0200 UTC;0;909,5;909,6;909,4;;21,4;16,4;21,4;20,9;16,5;16,1;75;72;73;58;8,9;3,6;
2024/04/13;0300 UTC;0;909,1;909,6;909;;20,7;16,7;21,4;20,4;16,7;16,3;79;73;78;75;8,7;2,5;
2024/04/13;0400 UTC;0;908,9;909,2;908,9;;19,9;16,7;20,7;19,9;16,8;16,6;82;78;82;78;8,7;1,8;
2024/04/13;0500 UTC;0;908,8;909,1;908,8;;19,8;16,7;20,2;19,7;16,8;16,7;83;81;83;52;9,7;2,9;
2024/04/13;0600 UTC;0;908,6;908,9;908,4;;19,5;16,7;19,9;19,5;16,8;16,7;84;82;84;59;8,7;3;
2024/04/13;0700 UTC;0;908;908,7;908;;19,5;16,5;19,5;19,1;16,7;16,5;86;83;83;54;8,1;3,5;
2024/04/13;0800 UTC;0;908,2;908,3;908;;19,1;16,5;19,6;19,1;16,6;16,5;85;82;85;55;7,6;3,3;
2024/04/13;0900 UTC;0;907,9;908,2;907,8;;19,2;16,4;19,2;18,9;16,6;16,4;86;84;84;51;8;3,9;
2024/04/13;1000 UTC;0;908,5;908,5;907,9;;19,1;16,3;19,3;19,1;16,4;16,2;84;83;84;30;10,9;2,7;
2024/04/13;1100 UTC;0;909,4;909,4;908,5;131,3;19,2;16,4;19,3;19,1;16,5;16,3;84;83;84;52;8,3;2,2;
2024/04/13;1200 UTC;0;909,8;909,8;909,4;918,5;20,2;16,9;20,9;19,2;17,1;16,5;84;78;81;44;6,8;1,5;
2024/04/13;1300 UTC;0;909,7;909,9;909,7;1336,3;22,1;17,7;22,2;20,1;18;16,8;82;76;76;23;6,6;2,1;
2024/04/13;1400 UTC;0;909,2;909,7;909,2;2415,9;23,2;18,2;23,8;22,1;18,6;17,5;77;71;73;3;7,9;3;
2024/04/13;1500 UTC;0;908,5;909,2;908,5;2489,1;25;18,9;25,2;23;19,6;17,8;74;69;69;355;7,9;3,4;
2024/04/13;1600 UTC;0;907,6;908,5;907,6;2668,3;24,6;18,5;26;24,6;19,9;18,4;71;66;69;347;9,2;3,5;
2024/04/13;1700 UTC;0;906,9;907,6;906,9;1655,5;24,4;18,8;25,4;24,3;19,9;18,5;72;69;71;345;8,5;4,4;
2024/04/13;1800 UTC;0;906,3;907;906,3;1259,5;24,6;19,4;25;24,4;19,5;18,6;73;68;73;342;8,8;2,7;
2024/04/13;1900 UTC;0;905,4;906,3;905,3;1130,4;24,6;19,3;25,1;24,4;19,8;19,1;74;71;72;343;8,3;4,5;
2024/04/13;2000 UTC;0;905,5;905,5;905,2;627,1;24,2;19,3;24,7;24,1;19,8;18,9;75;71;74;333;9;3,5;
2024/04/13;2100 UTC;0;905,9;905,9;905,5;233;23,4;19,1;24,2;23,4;19,4;19,1;77;74;77;331;6,6;2,3;
2024/04/13;2200 UTC;0;906,2;906,2;905,8;3,3;22,9;19,2;23,4;22,9;19,3;19;80;77;80;321;4,7;1,9;
2024/04/13;2300 UTC;0;906,3;906,3;906,2;;22,9;19,1;23;22,8;19,3;19;81;79;79;335;3,9;2;
2024/04/14;0000 UTC;0;906,8;906,8;906,3;;22,2;19,2;23;22,2;19,2;19,1;83;79;83;52;3,8;,2;
2024/04/14;0100 UTC;0;906,9;906,9;906,7;;21,1;19,3;22,2;21,1;19,4;18,9;90;83;90;73;2,1;,1;
2024/04/14;0200 UTC;0;907;907,1;906,9;;21;19,3;21,1;20,6;19,5;19,2;92;90;90;55;4,6;2;
2024/04/14;0300 UTC;1,6;906,8;907;906,7;;20,1;19;21;20,1;19,3;18,8;94;89;94;38;6,3;1,6;
2024/04/14;0400 UTC;,6;906,8;906,9;906,7;0;20,3;19,2;20,3;20,1;19,2;19;94;94;94;43;5,6;1,7;
2024/04/14;0500 UTC;,2;906,6;906,9;906,5;;19,9;19,1;20,3;19,8;19,2;18,9;95;94;95;8;5,6;2,2;
2024/04/14;0600 UTC;0;906,3;906,6;906,2;;19,9;19,1;20;19,8;19,2;19;96;95;96;22;6,2;1,6;
2024/04/14;0700 UTC;1,8;905,8;906,4;905,8;;19,7;19,1;19,9;19,7;19,2;19,1;96;96;96;7;6,4;2,6;
2024/04/14;0800 UTC;,6;905,9;905,9;905,5;;19,8;19,2;19,8;19,7;19,2;19,1;97;96;96;18;5,6;,7;
2024/04/14;0900 UTC;0;906;906;905,8;;19,8;19,1;19,8;19,7;19,2;19,1;96;96;96;1;5,1;1,9;
2024/04/14;1000 UTC;0;906,5;906,6;906;;19,8;19,2;19,9;19,8;19,2;19,1;96;96;96;50;5,8;2;
2024/04/14;1100 UTC;20,8;907,2;907,3;906,5;25;19,7;19,1;20;19,7;19,3;19,1;97;95;97;8;4,9;2,6;
2024/04/14;1200 UTC;11,2;907,5;907,7;907,2;20,7;19,7;19,3;19,8;19,7;19,3;19,1;97;97;97;46;7,2;2,5;
2024/04/14;1300 UTC;5,2;907;907,8;907;36;19,7;19,2;19,7;19,6;19,3;19,2;97;97;97;6;8,6;3,3;
2024/04/14;1400 UTC;2,8;907,2;907,4;906,7;130,4;19,9;19,4;19,9;19,6;19,4;19,2;97;97;97;31;8,6;1,2;
2024/04/14;1500 UTC;,8;907,3;907,7;907,1;188;19,8;19,4;19,9;19,7;19,4;19,2;97;97;97;20;5,8;1,1;
2024/04/14;1600 UTC;,4;906,9;907,3;906,9;265,2;19,9;19,4;20;19,8;19,6;19,4;97;97;97;357;5,8;2,1;
2024/04/14;1700 UTC;0;906,6;906,9;906,6;252,2;20;19,6;20,1;19,8;19,6;19,4;97;97;97;71;5,9;,2;
2024/04/14;1800 UTC;1,2;906,2;906,6;906,1;288,9;19,9;19,4;20,2;19,9;19,7;19,4;97;97;97;50;3,2;,4;
2024/04/14;1900 UTC;,2;905,5;906,2;905,3;585,3;20,4;19,8;20,4;19,9;19,8;19,4;97;96;96;2;5,6;1,1;
2024/04/14;2000 UTC;0;905,3;905,6;905,3;312,4;20,3;19,7;20,6;20,3;19,9;19,6;96;96;96;95;3,6;,3;
2024/04/14;2100 UTC;0;905,9;905,9;905,3;73,7;20;19,4;20,4;20;19,7;19,4;96;96;96;47;3,2;,4;
2024/04/14;2200 UTC;0;906,2;906,2;905,8;,7;19,9;19,2;20;19,8;19,4;19,2;96;96;96;18;4,3;1,3;
2024/04/14;2300 UTC;0;906,8;906,8;906,2;;19,8;19;20;19,8;19,2;19;96;95;95;35;4,8;1,8;
2024/04/15;0000 UTC;0;907,3;907,3;906,8;;19,8;19,1;19,9;19,6;19,1;18,9;96;95;96;36;5,1;1,4;
2024/04/15;0100 UTC;0;907,3;907,5;907,2;;19,8;18,8;19,8;19,7;19,1;18,8;96;94;95;38;8,4;3,3;
2024/04/15;0200 UTC;0;907,1;907,4;907;;19,6;18,7;19,8;19,5;18,9;18,5;95;93;94;23;8,4;2,2;
2024/04/15;0300 UTC;0;906,4;907,1;906,4;;19,7;18,4;19,7;19,5;18,7;18,4;94;92;92;46;7,6;3,6;
2024/04/15;0400 UTC;0;906,5;906,7;906,4;;19,5;18,2;19,8;19,5;18,4;18,2;93;91;93;17;7,6;3,2;
2024/04/15;0500 UTC;0;906,3;906,5;906,2;;19,3;17,9;19,7;19,3;18,3;17,9;93;90;92;15;7,9;3,7;
2024/04/15;0600 UTC;0;906,2;906,3;906,1;;19,1;18;19,5;19,1;18,1;17,9;93;91;93;12;8,8;3;
2024/04/15;0700 UTC;,2;905,5;906,2;905,5;;18,9;18,1;19,2;18,9;18,1;18;95;93;95;19;9;2,4;
2024/04/15;0800 UTC;0;904,7;905,5;904,6;;19,1;18,2;19,2;18,9;18,3;18,1;95;94;94;47;9,9;3,8;
2024/04/15;0900 UTC;0;905;905;904,5;;19;18,3;19,4;19;18,3;18,2;96;94;96;50;10,5;3,4;
2024/04/15;1000 UTC;,2;905;905;904,7;1,4;19,3;18,4;19,4;19;18,5;18,3;96;94;94;37;9,8;3,8;
2024/04/15;1100 UTC;0;905,3;905,4;905;72;19,5;18,3;19,5;19,3;18,4;18,3;94;93;93;39;10;3,4;
2024/04/15;1200 UTC;0;906,2;906,2;905,3;300,8;19,6;18,5;19,7;19,5;18,6;18,2;93;92;93;10;10,1;4,2;
2024/04/15;1300 UTC;,2;906,5;906,6;906,2;710,6;19,4;18,7;19,6;19,3;18,7;18,5;96;93;96;360;10,7;5,1;
2024/04/15;1400 UTC;0;907;907,2;906,5;686,3;19,8;19,1;19,9;19,4;19,2;18,8;96;95;96;352;10,7;4,1;
2024/04/15;1500 UTC;0;906,5;907;906,4;666,1;20;19,2;20,1;19,8;19,3;19;96;95;95;357;8,3;3,5;
2024/04/15;1600 UTC;,2;905,9;906,6;905,9;561,6;20,4;19,8;20,4;20;19,8;19,2;96;95;96;356;7,9;4,1;
2024/04/15;1700 UTC;0;905,4;905,9;905,4;630,1;20,6;19,7;21;20,4;20,1;19,6;96;93;95;350;8,2;4,4;
2024/04/15;1800 UTC;0;905,2;905,5;905;674,6;21,2;19,9;21,4;20,5;20,3;19,7;95;92;93;348;8;3,5;
2024/04/15;1900 UTC;,4;905,5;905,6;905,1;276,9;20,4;19,6;21,2;20,3;19,9;19,5;95;92;95;347;9,7;4,6;
2024/04/15;2000 UTC;0;905,3;905,6;905,3;259,7;20,9;19,9;20,9;20,4;20;19,6;96;94;94;351;8,1;3,6;
2024/04/15;2100 UTC;,2;905,8;905,8;905,3;76,5;20,3;19,6;20,9;20,3;19,9;19,6;96;94;96;352;7,8;3,5;
2024/04/15;2200 UTC;0;905,8;905,9;905,7;1,8;20,3;19,6;20,3;20,2;19,6;19,5;96;96;96;9;6,7;2,6;
2024/04/15;2300 UTC;0;906,1;906,1;905,8;;20,3;19,6;20,4;20,2;19,7;19,6;96;96;96;33;6,3;1,8;
2024/04/16;0000 UTC;0;906,4;906,4;906,1;;20,2;19,3;20,5;20,2;19,7;19,3;96;95;95;6;7,3;3,5;
2024/04/16;0100 UTC;0;906,8;906,9;906,4;;20,3;19,5;20,3;20,1;19,5;19,3;96;95;95;25;8;2,9;
2024/04/16;0200 UTC;0;906,9;907,1;906,8;;20,2;19,4;20,4;20,2;19,5;19,4;95;95;95;2;8,7;3,2;
2024/04/16;0300 UTC;0;906,9;907;906,7;;20;19,3;20,2;19,9;19,4;19,3;96;95;96;356;8,7;4,1;
2024/04/16;0400 UTC;0;906,9;907;906,8;;19,8;19,2;20;19,8;19,3;19,1;96;95;96;356;8,9;3,9;
2024/04/16;0500 UTC;0;906,1;906,9;906;;20;19,4;20,1;19,8;19,5;19,2;97;96;96;1;8,6;4,3;
2024/04/16;0600 UTC;0;906,1;906,3;906;;20,1;19,4;20,1;20;19,5;19,4;96;96;96;352;11,2;6,4;
2024/04/16;0700 UTC;0;906,2;906,2;906;,1;20;19,5;20,1;20;19,5;19,4;97;96;97;356;12,6;4,4;
2024/04/16;0800 UTC;0;906;906,2;905,9;,2;20,1;19,5;20,2;20;19,6;19,5;97;96;96;2;8,7;3,4;
2024/04/16;0900 UTC;0;906;906,1;905,9;,2;20,1;19,5;20,2;20,1;19,5;19,4;96;96;96;360;11;4,2;
2024/04/16;1000 UTC;0;906,2;906,4;906;,9;20,1;19,5;20,1;20;19,5;19,4;97;96;96;359;10,9;4,4;
2024/04/16;1100 UTC;,8;906,7;906,8;906,1;17,4;19,9;19,4;20,1;19,9;19,4;19,3;97;96;97;357;11,6;4,6;
2024/04/16;1200 UTC;3;907,1;907,1;906,7;46,4;19,9;19,4;19,9;19,8;19,4;19,3;97;97;97;349;11,3;6,6;
2024/04/16;1300 UTC;,6;907,7;907,7;907,1;161,8;19,9;19,4;20;19,8;19,5;19,3;97;97;97;343;12,6;5,9;
2024/04/16;1400 UTC;2,6;908,5;908,5;907,7;98,8;19,7;19,2;19,9;19,7;19,4;19,2;97;97;97;349;11,1;5,5;
2024/04/16;1500 UTC;6,6;906,4;908,5;906,4;89,1;19,5;19,1;19,7;19,5;19,2;19,1;97;97;97;350;12,4;5,5;
2024/04/16;1600 UTC;,4;907;907,2;906,3;280,2;19,4;19;19,6;19,4;19,2;19;97;97;97;345;12,3;5,3;
2024/04/16;1700 UTC;1,4;905,9;907,2;905,7;192,3;19,2;18,7;19,4;19,1;19;18,7;97;97;97;355;11,8;4,8;
2024/04/16;1800 UTC;0;905,3;906,1;905,3;1156,4;19,8;19,4;20;19,1;19,5;18,7;97;97;97;345;10,4;4,3;
2024/04/16;1900 UTC;0;904,7;905,3;904,7;491,7;19,6;19,1;19,9;19,5;19,5;18,9;97;96;97;353;8,7;3,7;
2024/04/16;2000 UTC;,2;905,4;905,4;904,5;80,9;20,1;19,6;20,1;19,6;19,6;19,1;97;97;97;346;11,3;4,4;
2024/04/16;2100 UTC;20,8;905,8;906,1;905,3;5;17,6;17,1;20,2;17,6;19,7;17,1;97;97;97;334;13,5;5,2;
2024/04/16;2200 UTC;2,2;906,5;906,5;905,7;1;18;17,6;18,2;17,2;17,8;16,8;98;97;98;254;9,6;,3;
2024/04/16;2300 UTC;,8;907;907;906,5;;17,8;17,4;18;17,7;17,6;17,3;98;98;98;209;2,5;0;
2024/04/17;0000 UTC;0;907,8;907,8;906,9;0;17,8;17,4;17,9;17,7;17,5;17,4;98;98;98;190;5;2,7;
2024/04/17;0100 UTC;,2;908,1;908,2;907,8;;17,5;17,1;17,8;17,5;17,4;17,1;98;98;98;169;5,7;1,1;
2024/04/17;0200 UTC;,2;908,5;908,6;907,9;1,1;16,6;16,3;17,5;16,6;17,2;16,3;98;98;98;200;6,3;2,7;
2024/04/17;0300 UTC;,2;908,5;908,6;908,5;,5;16,1;15,8;16,6;16;16,3;15,7;98;98;98;177;7,7;1,8;
2024/04/17;0400 UTC;0;908,7;908,7;908,5;;15,5;15,2;16,1;15,5;15,8;15,2;98;98;98;192;6,1;3;
2024/04/17;0500 UTC;,2;908,9;909;908,7;;15,3;15;15,5;15,3;15,2;15;98;98;98;201;6,2;2,2;
2024/04/17;0600 UTC;0;908,4;908,9;908,3;;15,1;14,8;15,3;15;15;14,7;98;98;98;199;6;3,4;
2024/04/17;0700 UTC;,2;908,3;908,5;908,3;1,1;14;13,8;15,1;14;14,8;13,8;98;98;98;198;6,3;3,8;
2024/04/17;0800 UTC;0;908,9;908,9;908,3;;13,6;13,3;14,1;13,5;13,8;13,3;98;98;98;196;7,9;3,1;
2024/04/17;0900 UTC;0;909,6;909,6;908,8;;13,6;13,4;13,6;13,4;13,4;13,1;98;98;98;173;5,7;2,2;
2024/04/17;1000 UTC;0;910,4;910,4;909,5;1,9;13,1;12,8;13,7;13,1;13,4;12,8;98;98;98;187;6,6;2,9;
2024/04/17;1100 UTC;0;911;911;910,3;191,3;13,6;13,3;13,6;12,9;13,3;12,7;98;98;98;174;6,1;3;
2024/04/17;1200 UTC;0;911,5;911,5;910,9;961,2;15,6;14,8;15,6;13,6;14,8;13,3;98;95;95;164;6,9;2,4;
2024/04/17;1300 UTC;0;911,9;911,9;911,5;2096;15,8;12,6;16,7;15,3;14,7;12,6;95;80;81;153;6,9;2,4;
2024/04/17;1400 UTC;0;912,1;912,1;911,9;2019,5;15,5;11,6;17,1;14,5;13,6;11,6;89;77;78;174;5,7;1,7;
2024/04/17;1500 UTC;0;911,7;912,1;911,6;2346,4;16,1;9,8;17,3;15;13,2;9,8;82;66;66;169;7,2;2,8;
2024/04/17;1600 UTC;0;911;911,7;911;3036,4;17;10,3;17,8;16;12,9;9,7;76;63;65;177;8,3;3,2;
2024/04/17;1700 UTC;0;910,3;911;910,3;2989,9;17,7;11,4;18,6;16,7;12,7;9,8;71;61;67;164;6,2;2,3;
2024/04/17;1800 UTC;0;909,9;910,3;909,9;2649,2;17,6;10,9;18,7;17,3;12,1;10,2;67;62;65;170;7,4;2,7;
2024/04/17;1900 UTC;0;909,7;909,9;909,7;2061,8;17,3;11,4;18,4;17,2;12,3;10,6;70;63;68;175;5,9;2,5;
2024/04/17;2000 UTC;0;909,7;909,7;909,6;1298,7;16,6;11,2;17,7;16,4;11,9;10,3;72;64;70;167;5,9;1,6;
2024/04/17;2100 UTC;0;909,9;910;909,7;454,1;14,4;10,7;16,8;14,4;11,4;10,6;78;70;78;170;5,1;2,4;
2024/04/17;2200 UTC;0;910,1;910,1;909,9;2,5;13,6;10,2;14,4;13,4;10,7;10,2;82;78;80;173;6,1;3,5;
2024/04/17;2300 UTC;0;910,1;910,2;910;;13,4;10;13,8;13,3;10,1;9,9;80;78;80;170;6,8;3,3;
2024/04/18;0000 UTC;0;910,5;910,6;910,1;;13,5;9,9;13,6;13,3;10;9,8;80;78;79;168;7,5;4,3;
2024/04/18;0100 UTC;0;910,9;910,9;910,5;;13,1;9,7;13,5;12,9;10;9,7;81;79;80;162;8,4;3,5;
2024/04/18;0200 UTC;0;911,2;911,2;910,8;;12,2;9,5;13,2;12,2;9,7;9,3;84;78;84;141;9;2,4;
2024/04/18;0300 UTC;0;911,4;911,4;911,2;;11,6;9,6;12,2;11,6;9,8;9,4;88;84;88;146;7;2,2;
2024/04/18;0400 UTC;0;911,3;911,5;911,3;;11,2;9;11,7;11,1;9,7;9;89;86;87;145;4,8;2,4;
2024/04/18;0500 UTC;0;910,9;911,4;910,9;;11,1;8;11,3;11;9;8;87;81;81;136;4,9;2,1;
2024/04/18;0600 UTC;0;910,5;910,9;910,5;;10,7;8,9;11,2;10,7;8,9;7,9;88;81;88;135;4,3;2,1;
2024/04/18;0700 UTC;0;910,3;910,5;910,3;;10,4;9;10,7;10,4;9;8,8;91;88;91;137;4,7;2,2;
2024/04/18;0800 UTC;0;910,8;910,8;910,3;;9,9;8,9;10,4;9,9;9;8,9;94;91;94;136;4,2;2;
2024/04/18;0900 UTC;0;911,3;911,3;910,8;;10;8,8;10,2;9,9;9;8,8;94;92;92;135;5,8;2,4;
2024/04/18;1000 UTC;0;912,1;912,1;911,3;,9;10;8,6;10;9,8;8,8;8,5;92;90;91;144;4,7;2,3;
2024/04/18;1100 UTC;0;912,4;912,4;912,1;388,4;12,1;9,1;12,2;10;9,5;8,6;91;81;81;139;4;1,5;
2024/04/18;1200 UTC;0;913;913;912,4;1204,5;13,5;9,5;13,5;12,1;9,9;9;82;76;77;133;5,6;1,7;
2024/04/18;1300 UTC;0;913,2;913,3;913;1974;15,3;10,5;15,3;13,5;10,7;9,1;78;68;73;130;6,6;1,8;
2024/04/18;1400 UTC;0;913,2;913,3;913,1;2554,1;16,5;9,7;16,5;15,3;10,3;9,1;73;63;64;120;6,7;2,5;
2024/04/18;1500 UTC;0;913;913,4;913;2907;17,6;10,1;17,7;16,3;10,4;8,8;64;57;62;128;7,3;2,9;
2024/04/18;1600 UTC;0;912,3;913;912,2;3030,6;18,7;9,8;18,9;17,5;11,3;9,2;66;55;56;123;7,2;2,5;
2024/04/18;1700 UTC;0;911,9;912,3;911,9;2940,8;19,6;8,9;20,1;18,6;11,4;8,7;60;48;50;123;5,8;2,1;
2024/04/18;1800 UTC;0;911,5;911,9;911,5;2586,8;20,1;9,1;20,5;19,4;11,6;8,7;57;49;49;141;5,7;1,6;
2024/04/18;1900 UTC;0;911,2;911,5;911,2;2014,4;19,7;9,2;20,2;19,6;10,7;8;55;46;51;128;6;1,2;
2024/04/18;2000 UTC;0;910,9;911,2;910,9;1253,9;18,2;8,3;19,9;18,1;10,6;8,1;55;50;52;142;5;1,9;
2024/04/18;2100 UTC;0;910,8;911;910,8;424,1;16,3;9;18,2;16,3;9,5;8,3;62;52;62;129;5;0;
2024/04/18;2200 UTC;0;910,9;910,9;910,6;;14,7;9;16,3;14,7;9,3;9;70;62;69;135;2,4;0;
2024/04/18;2300 UTC;0;911,1;911,1;910,9;;15;9,4;15,2;14,7;9,4;9;69;67;69;129;3,3;1,2;
2024/04/19;0000 UTC;0;911,3;911,3;911,1;;14,9;9,7;15,2;14,8;9,7;9,2;72;68;71;131;3,4;1,1;
2024/04/19;0100 UTC;0;911,6;911,6;911,3;;14,3;9,5;14,9;14,3;9,8;9,5;74;71;73;127;3,2;,4;
2024/04/19;0200 UTC;0;911,7;911,9;911,6;;14,1;9,5;14,3;14;9,9;9,4;77;73;74;134;3,2;1,5;
2024/04/19;0300 UTC;0;911,5;911,9;911,5;;14,2;8,8;14,3;13,9;9,6;8,7;75;69;70;108;4,8;2;
2024/04/19;0400 UTC;0;911,6;911,6;911,4;;13,7;8,7;14,3;13,4;8,9;8,4;74;68;72;93;4,5;1,9;
2024/04/19;0500 UTC;0;910,8;911,6;910,7;;14,2;8,2;14,2;13,2;8,8;8,1;74;67;67;97;4,9;2,9;
2024/04/19;0600 UTC;0;910,3;910,8;910,3;;13,7;8,4;14,3;13,5;8,6;8,3;70;67;70;101;5,2;2,8;
2024/04/19;0700 UTC;0;909,8;910,3;909,8;;13,3;8,6;14;13,1;8,7;8,3;75;69;73;87;5,1;2,7;
2024/04/19;0800 UTC;0;909,9;910;909,7;;11,9;8,4;13,3;11,9;8,8;8,3;79;73;79;73;4,9;1,1;
2024/04/19;0900 UTC;0;910,1;910,1;909,9;;11,4;8;12,3;11,3;9;7,7;81;77;79;58;3,4;0;
2024/04/19;1000 UTC;0;910,5;910,5;910,1;3;11,7;7,4;11,9;11;7,9;6,9;79;73;75;91;2,7;,1;
2024/04/19;1100 UTC;0;911,2;911,2;910,5;397,7;14,3;8,1;14,3;11,7;8,4;7,4;76;66;66;90;5;,5;
2024/04/19;1200 UTC;0;911,7;911,7;911,2;1228,5;16,4;8,5;16,5;14,3;8,8;7,8;66;58;59;43;4;1;
2024/04/19;1300 UTC;0;911,9;911,9;911,7;2000,7;18,1;9,6;18,1;16,4;10,4;7,7;62;54;58;53;4;1,5;
2024/04/19;1400 UTC;0;912;912;911,8;2582,3;19,1;8,8;19,7;17,8;9,9;7,8;58;48;51;6;4,8;1,9;
2024/04/19;1500 UTC;0;911,6;912;911,6;2936,9;20,4;7,2;20,5;18,8;10;7,1;55;42;43;40;4,7;,9;
2024/04/19;1600 UTC;0;911,1;911,6;911,1;3048,9;21,4;7,4;21,9;20,4;9,3;6,2;47;37;40;26;3,5;,5;
2024/04/19;1700 UTC;0;910,5;911,1;910,5;2942,3;22,5;7,8;22,8;21,3;9;5,1;45;33;39;172;2,9;0;
2024/04/19;1800 UTC;0;910;910,5;910;2587,3;22,8;5,9;23,5;22,3;8,9;5,2;41;31;34;123;1,8;0;
2024/04/19;1900 UTC;0;909,6;910;909,6;2015,3;22,7;6,2;23,2;22,5;7,5;4,8;38;30;34;180;0;0;
2024/04/19;2000 UTC;0;909,5;909,6;909,5;1237,4;22,2;8,5;23,2;22,1;9,5;6,5;44;34;42;163;0;0;
2024/04/19;2100 UTC;0;909,4;909,5;909,4;398,5;19,4;9,2;23,4;19,4;12,7;6,9;55;35;52;154;0;0;
2024/04/19;2200 UTC;0;909,7;909,7;909,3;;17,3;9,9;19,4;17,3;10;8,8;62;52;62;140;0;0;
2024/04/19;2300 UTC;0;910,2;910,2;909,7;;16,5;9,6;17,4;16,2;10,1;9,6;67;62;64;128;2,3;,9;
2024/04/20;0000 UTC;0;910,7;910,7;910,2;;16,1;10,5;16,7;16,1;10,5;9,6;70;63;70;117;3,3;,4;
2024/04/20;0100 UTC;0;910,7;910,8;910,7;;16,8;11,5;17;15,5;11,9;10,4;75;68;71;78;3,7;2,1;
2024/04/20;0200 UTC;0;910,8;910,9;910,7;;16,4;9,6;16,8;15,6;11,4;9,6;75;64;64;51;5,6;2,1;
2024/04/20;0300 UTC;0;910,6;910,8;910,5;;16,6;8,4;16,8;16,2;9,6;8,4;64;58;58;50;8;3,1;
2024/04/20;0400 UTC;0;910,2;910,6;910,2;;16,5;8,5;16,9;16,4;8,5;8,3;59;57;59;39;8,3;3,9;
2024/04/20;0500 UTC;0;910;910,2;910;;15,5;9,1;16,7;15,5;9,1;8,5;66;59;66;41;9;3,5;
2024/04/20;0600 UTC;0;909,8;910;909,7;;14,6;10;15,6;14,5;10;9,1;74;66;74;21;11,6;3,8;
2024/04/20;0700 UTC;0;909,6;909,8;909,6;;14;10,8;14,7;13,9;10,8;10,1;81;74;81;29;7,9;3,5;
2024/04/20;0800 UTC;0;909,8;909,8;909,6;;13,1;10,5;14;13,1;10,9;10,4;84;81;84;24;8,6;3,9;
2024/04/20;0900 UTC;0;910,3;910,3;909,7;;12,2;10,1;13,1;12,2;10,6;10,1;87;84;87;24;8;3,2;
2024/04/20;1000 UTC;0;910,7;910,7;910,3;;12,7;9,2;12,7;12,2;10,2;9,2;87;79;79;24;7,1;3,1;
2024/04/20;1100 UTC;0;911,4;911,4;910,7;385,2;14,3;9;14,3;12,7;9,2;8,8;79;70;70;32;6,3;2,5;
2024/04/20;1200 UTC;0;911,7;911,7;911,4;1221,2;16,1;9,8;16,1;14,3;9,8;8,9;71;64;66;33;6,7;2,5;
2024/04/20;1300 UTC;0;911,9;911,9;911,7;1985,6;18,3;10,5;18,4;16,1;10,8;9,5;66;59;60;5;6,5;2;
2024/04/20;1400 UTC;0;911,9;912;911,8;2564,8;20,1;11,1;20,2;18;11,7;9,4;62;54;56;353;6,2;2,1;
2024/04/20;1500 UTC;0;911,6;911,9;911,6;2901,7;21,5;12,1;21,5;19,8;12,1;9,6;57;50;55;289;6;,7;
2024/04/20;1600 UTC;0;911,1;911,6;911,1;3017,5;22,4;9,9;22,7;21,2;12,8;8,8;57;41;45;315;4,3;1,6;
2024/04/20;1700 UTC;0;910,3;911,1;910,3;2924,3;23,2;11,5;23,8;22,3;12,4;9,6;51;43;48;331;4,2;,4;
2024/04/20;1800 UTC;0;909,9;910,3;909,9;2548,3;24,3;12,1;24,7;22,9;12,5;9,8;49;42;47;50;2,9;,2;
2024/04/20;1900 UTC;0;909,5;909,9;909,5;1964,2;23,9;11;24,5;23,6;13;10,8;50;43;44;313;3,3;1,4;
2024/04/20;2000 UTC;0;909,5;909,6;909,5;1216,2;23,1;12,5;24,1;23,1;13;11,1;51;44;51;358;3;0;
2024/04/20;2100 UTC;0;909,5;909,7;909,5;391;21,7;10,8;23,8;21,7;12,8;10,8;55;47;50;293;0;0;
2024/04/20;2200 UTC;0;909,7;909,7;909,5;;19,5;11,7;21,7;19,5;11,7;10,4;61;50;61;142;2;,2;
2024/04/20;2300 UTC;0;910;910;909,7;;18,7;12,6;19,5;18,2;12,8;11,7;69;61;68;140;3,1;,4;
2024/04/21;0000 UTC;0;910,1;910,1;910;;16,9;12,2;18,9;16,4;12,6;11,7;76;67;74;54;3,2;,1;
2024/04/21;0100 UTC;0;909,9;910,1;909,9;;17,3;12,2;17,3;16,3;12,5;11,7;76;72;72;79;3,8;1,9;
2024/04/21;0200 UTC;0;909,8;909,9;909,7;;19,8;10,7;19,8;16,4;12,6;10,7;75;56;56;39;5,5;3,2;
2024/04/21;0300 UTC;0;909,9;910;909,8;;17,7;11,2;19,8;17,7;11,2;10,4;66;56;66;22;7,4;2,9;
2024/04/21;0400 UTC;0;909,5;909,9;909,5;;16,8;11,6;17,7;16,8;11,8;11,2;72;66;72;15;7,4;3,8;
2024/04/21;0500 UTC;0;909,3;909,5;909,3;;16,3;11,7;17;16,2;11,7;11,6;74;71;74;3;8,4;4,4;
2024/04/21;0600 UTC;0;909,2;909,3;909;;16,5;11,7;16,6;16,2;11,7;11,4;74;73;73;2;9,8;5,1;
2024/04/21;0700 UTC;0;909;909,2;908,9;;16,6;11,7;16,7;16,3;11,8;11,6;74;73;73;360;9,8;5,2;
2024/04/21;0800 UTC;0;909;909;908,8;;16,3;11,6;16,6;16,2;11,7;11,6;74;73;74;360;10;5,4;
2024/04/21;0900 UTC;0;909,5;909,5;909;;16,5;11,8;16,6;16,1;11,8;11,6;75;73;74;359;10;5,8;
2024/04/21;1000 UTC;0;909,8;909,8;909,5;;16,8;12;16,9;16,4;12,1;11,7;74;73;74;360;10;6,2;
2024/04/21;1100 UTC;0;910,2;910,2;909,7;384,8;17,6;12,9;17,7;16,7;13;12;75;74;74;354;10,6;6,8;
2024/04/21;1200 UTC;0;910,6;910,6;910,2;1210,9;18,4;13,1;18,7;17,6;13,4;12,9;74;71;71;352;11,4;6,6;
2024/04/21;1300 UTC;0;910,9;910,9;910,6;1973;20,2;13,9;20,4;18,4;14,4;13,2;72;67;67;347;10,2;6,2;
2024/04/21;1400 UTC;0;910,8;911;910,8;2553;21;14,7;21,4;20,2;14,9;13,8;68;65;67;346;12,2;7;
2024/04/21;1500 UTC;0;910,1;910,9;910,1;2902,6;22,4;14,6;22,8;20,9;15,7;14,6;68;61;61;337;11,5;5,7;
2024/04/21;1600 UTC;0;909,6;910,1;909,6;3030,5;23,6;12,4;23,9;22,3;15,3;12,2;63;49;49;336;11,1;4,5;
2024/04/21;1700 UTC;0;909;909,6;908,9;2905,9;24,8;11,4;25,3;23,4;14,9;11,4;56;43;43;315;7,9;3,3;
2024/04/21;1800 UTC;0;908,6;909;908,6;2535,3;24,9;13;25,7;24,6;14,5;11,4;52;42;47;312;6;3;
2024/04/21;1900 UTC;0;908,2;908,6;908,2;1932,3;25,1;13,9;26,1;24,9;15,2;12;53;42;50;300;4,9;2,2;
2024/04/21;2000 UTC;0;908,2;908,2;908,1;1184,8;24,8;13,1;25,7;24,8;15,2;13,1;54;48;48;297;4,2;,2;
2024/04/21;2100 UTC;0;908,2;908,2;908,1;374;22,7;14,1;24,9;22,7;14,3;13;58;48;58;322;2,9;,9;
2024/04/21;2200 UTC;0;908,4;908,5;908,2;;21,8;13,2;22,7;21,7;14,1;13,2;60;58;58;330;3,9;2,2;
2024/04/21;2300 UTC;0;908,4;908,5;908,3;;21,4;13,3;22,2;21,2;13,5;13,1;60;57;60;354;3,8;2,1;
2024/04/22;0000 UTC;0;908,4;908,4;908,3;;21,5;14,6;21,7;21,1;14,8;13;65;59;65;12;3,7;2,4;
2024/04/22;0100 UTC;0;908,4;908,5;908,3;;21,1;13,8;21,6;20,7;14,6;13,7;67;63;63;43;4,2;2,4;
2024/04/22;0200 UTC;0;908,3;908,7;908,3;;21,4;12,1;21,6;20,9;13,8;12,1;63;55;55;26;5,1;2,3;
2024/04/22;0300 UTC;0;908,3;908,5;908,3;;20,3;12,1;21,5;20,3;12,6;12,1;61;56;59;6;5,2;3,5;
2024/04/22;0400 UTC;0;907,9;908,3;907,9;;20,1;14,4;20,8;20;14,7;12,1;71;59;69;357;6,1;3,6;
2024/04/22;0500 UTC;0;907,4;908,1;907,4;;19,5;13,2;20,2;19,4;14,6;12,9;71;65;67;352;7,1;4,8;
2024/04/22;0600 UTC;0;907;907,4;907;;18,5;13,7;19,5;18,5;13,9;13,2;74;67;74;352;7,9;5,1;
2024/04/22;0700 UTC;0;906,9;907;906,8;;17,9;13,6;18,5;17,6;14,2;13,5;79;74;76;349;9,1;5,9;
2024/04/22;0800 UTC;0;906,9;907;906,8;;18,2;14,6;18,3;17,6;14,6;13,4;80;74;80;345;10,1;5,4;
2024/04/22;0900 UTC;0;907,4;907,4;906,9;;17,5;14,8;18,3;17,5;14,9;14,5;84;79;84;350;10,1;5;
2024/04/22;1000 UTC;0;907,9;908;907,3;5,8;18,9;14,7;18,9;17,5;15;14,6;84;77;77;347;8,1;3,9;
2024/04/22;1100 UTC;0;908;908,1;907,9;291,5;19,3;14,5;19,5;18,6;14,7;14,3;78;72;74;349;7,6;4,4;
2024/04/22;1200 UTC;0;908,5;908,5;907,9;1069,5;19,8;15,1;19,8;19,2;15,1;14,5;76;73;74;350;7,6;4,1;
2024/04/22;1300 UTC;0;908,3;908,5;908,3;1705,1;21,3;15,3;21,5;19,8;15,7;14,8;74;68;69;344;8,4;5,1;
2024/04/22;1400 UTC;0;907,9;908,3;907,8;2037,4;22,1;16;22,1;21,1;16;15;71;66;68;343;9,8;5,6;
2024/04/22;1500 UTC;0;907,3;908;907,3;2279;23,6;16,7;23,6;22,1;16,9;16;69;65;65;344;9,6;4,5;
2024/04/22;1600 UTC;0;907;907,4;907;1830,3;23,8;17;24,5;23,5;17,3;16,4;67;62;66;333;12,1;4,2;
2024/04/22;1700 UTC;0;906,3;907;906,3;1494,9;23,6;17,5;24;23,5;17,7;17,1;69;66;69;330;9,3;4,7;
2024/04/22;1800 UTC;0;905,9;906,4;905,9;1129;23,5;17,9;24;23,5;18,1;17,5;71;68;71;344;8;3,8;
2024/04/22;1900 UTC;0;905,6;906,1;905,6;502,5;22,9;18;23,5;22,9;18,1;17,6;74;70;74;344;7,4;3,4;
2024/04/22;2000 UTC;0;906,1;906,1;905,5;264,6;21,3;18,5;22,9;21,3;18,7;18;84;74;84;152;5,9;,7;
2024/04/22;2100 UTC;1,6;906,7;906,9;906,1;18,3;18,4;17,7;21,3;18,4;18,6;17,5;96;84;96;122;4,1;1;
2024/04/22;2200 UTC;26,4;908,3;908,3;906,4;1;17;16,6;18,4;16,9;17,7;16,4;97;96;97;174;10;3,1;
2024/04/22;2300 UTC;5;907,9;908,3;907,7;;16,9;16,5;17,1;16,8;16,7;16,4;98;97;98;126;5,5;1,6;
2024/04/23;0000 UTC;,8;908,1;908,4;907,9;;17,1;16,7;17,1;16,9;16,7;16,5;98;98;98;115;5,5;2,5;
2024/04/23;0100 UTC;1,4;908,1;908,2;907,8;;17,2;16,8;17,2;17;16,8;16,7;98;98;98;94;4,9;2,3;
2024/04/23;0200 UTC;2,4;907,9;908,5;907,9;;17,4;17;17,4;17,2;17;16,8;98;98;98;50;4,2;,5;
2024/04/23;0300 UTC;1,4;906,8;908;906,8;;18;17,7;18,2;17,4;17,8;17;98;98;98;359;6,9;4,6;
2024/04/23;0400 UTC;,6;907,6;907,6;906,8;;18,3;17,9;18,6;17,9;18,1;17,5;98;98;98;347;8,4;3,2;
2024/04/23;0500 UTC;,2;906,8;907,6;906,8;;18;17,5;18,6;17,9;18,2;17,5;98;97;97;352;6,3;4;
2024/04/23;0600 UTC;0;906,2;906,8;906,2;;18;17,6;18,1;17,9;17,6;17,5;98;97;98;349;7,2;4,5;
2024/04/23;0700 UTC;0;906,3;906,3;906,1;;18,1;17,7;18,3;18;17,9;17,6;98;98;98;345;9,4;5,3;
2024/04/23;0800 UTC;2,8;905,9;906,6;905,8;0;18;17,6;18,1;17,9;17,7;17,5;98;98;98;344;9,8;5,1;
2024/04/23;0900 UTC;,4;906,4;907;905,9;;18;17,6;18,1;17,9;17,7;17,5;98;98;98;345;8,5;4,5;
2024/04/23;1000 UTC;,2;906,9;906,9;906,3;3,4;18,3;17,9;18,4;18;18;17,6;98;98;98;352;9,5;5,7;
2024/04/23;1100 UTC;0;907,6;907,6;906,7;93,8;18,8;18,4;19;18,2;18,6;17,8;98;98;98;334;9,5;5,2;
2024/04/23;1200 UTC;0;907,8;907,8;907,4;287,7;18,8;18,4;18,9;18,7;18,5;18,3;98;98;98;349;9,1;6;
2024/04/23;1300 UTC;0;908,2;908,3;907,6;377,2;18,4;17,7;18,8;18,4;18,4;17,7;98;95;95;343;10;5,6;
2024/04/23;1400 UTC;2;908;908,5;907,9;241,8;17,5;17,1;18,4;17,5;17,6;17;97;95;97;334;11,4;5,2;
2024/04/23;1500 UTC;2,8;908,7;908,7;907,9;151,9;17,4;17;17,5;17,1;17,1;16,7;98;97;98;319;9,8;5,6;
2024/04/23;1600 UTC;2;909,6;909,8;908,7;198,6;17,8;17,4;17,8;17,3;17,4;16,9;98;98;98;143;9,2;0;
2024/04/23;1700 UTC;2,4;909,5;909,8;909,4;99,3;17,6;17,2;17,8;17,6;17,4;17,2;98;98;98;110;0;0;
2024/04/23;1800 UTC;8,2;909,8;909,9;908,7;82;17,4;17;17,6;17,4;17,3;17;98;98;98;13;4,3;,7;
2024/04/23;1900 UTC;4,4;909,2;910;908,4;106,4;17;16,6;17,4;17;17,1;16,6;98;98;98;4;7,1;2,2;
2024/04/23;2000 UTC;,8;908,3;909,2;908;126,8;16,9;16,5;17;16,7;16,6;16,4;98;98;98;4;6,5;3,9;
2024/04/23;2100 UTC;1,2;908;908,6;908;24;16,7;16,3;16,9;16,7;16,6;16,3;98;97;97;350;7,4;4,6;
2024/04/23;2200 UTC;,6;907,5;908;907,2;1,1;16,9;15,8;17;16,7;16,3;15,7;97;93;93;348;12,5;6,7;
2024/04/23;2300 UTC;,2;907,6;907,8;907,4;;16,7;15,8;17,4;16,7;15,9;15,6;94;91;94;333;10,5;6,2;
2024/04/24;0000 UTC;0;907,4;907,6;907,1;,9;17,1;15,6;17,3;16,7;15,9;15,5;94;90;91;335;11,5;6,9;
2024/04/24;0100 UTC;0;907,1;907,5;907,1;;16,6;15,8;17,1;16,5;15,8;15,5;95;91;95;336;13,9;6,2;
2024/04/24;0200 UTC;0;906,9;907,2;906,7;;17,7;16,2;17,8;16,4;16,4;15,8;97;90;91;317;13,4;9;
2024/04/24;0300 UTC;0;907,5;907,5;906,8;;18,1;17,1;18,2;17,3;17,3;16,1;95;91;94;321;14,2;7,1;
2024/04/24;0400 UTC;0;907,3;907,6;907,2;;18,2;17,4;18,3;17,7;17,6;17;96;94;95;317;12,2;6,7;
2024/04/24;0500 UTC;0;907,5;907,5;907,2;;19,3;17,4;19,7;18,2;17,6;17,3;95;88;88;315;12,9;7,9;
2024/04/24;0600 UTC;0;907,4;907,9;907,3;;19,9;17,7;20,2;19;17,9;17,3;90;86;87;303;12,9;5,3;
2024/04/24;0700 UTC;,4;907,5;907,6;906,8;;18,6;17,4;19,9;18,6;17,8;17,4;93;87;93;232;9,3;1;
2024/04/24;0800 UTC;0;907,6;907,6;907,4;;17,4;16,8;18,9;17,4;17,9;16,6;96;93;96;187;2,9;0;
2024/04/24;0900 UTC;0;907,7;907,7;907,4;;17,2;16,7;17,4;17,1;16,8;16,6;97;96;97;161;0;0;
2024/04/24;1000 UTC;0;908,2;908,3;907,7;2,2;17,3;16,8;17,3;17,1;16,9;16,6;97;97;97;131;1,1;0;
2024/04/24;1100 UTC;0;908,7;908,7;908,2;157,2;18;17,6;18;17,3;17,6;16,8;97;97;97;121;0;0;
2024/04/24;1200 UTC;0;909,5;909,5;908,7;313,5;18,8;18,1;19,1;18;18,5;17,6;97;96;96;130;1,4;0;
2024/04/24;1300 UTC;0;909,8;909,9;909,5;697,6;20,1;18,5;20,1;18,8;18,9;18,1;96;91;91;100;2,9;,2;
2024/04/24;1400 UTC;0;910;910,2;909,8;1746,3;22,3;19;22,4;20,1;19,6;18,6;92;82;82;87;2,9;0;
2024/04/24;1500 UTC;0;909,6;910,1;909,6;1455,5;22,5;19,5;23,2;21,7;20,4;18,3;85;80;83;99;0;0;
2024/04/24;1600 UTC;0;909,3;909,7;909,3;786,9;21,9;19,5;22,7;21,6;19,7;18,9;87;81;87;176;0;0;
2024/04/24;1700 UTC;0;908,8;909,3;908,8;363,2;21,1;19,1;22,1;21,1;19,9;19,1;89;85;89;326;3,6;1;
2024/04/24;1800 UTC;4,6;908,8;909;908,8;249;19,4;18,6;21,1;19,4;19,2;18,6;96;89;95;316;6,7;4,1;
2024/04/24;1900 UTC;,6;908,6;908,8;908,6;432,3;19,3;18,6;19,6;19,3;18,8;18,5;96;95;96;328;6,2;2,1;
2024/04/24;2000 UTC;,4;908,6;908,8;908,5;273,1;19,1;18,3;19,3;19,1;18,7;18,3;96;95;95;314;6,1;4,2;
2024/04/24;2100 UTC;0;908,6;908,7;908,6;133,8;19;18,1;19,3;19;18,3;18;95;93;94;343;6;1,5;
2024/04/24;2200 UTC;0;908,8;908,9;908,6;4,8;18,8;18,3;19,1;18,8;18,3;18,1;97;94;97;347;5,2;3,3;
2024/04/24;2300 UTC;0;908,7;908,9;908,6;;18,5;18;18,8;18,5;18,3;18;97;97;97;2;5,2;1,3;
2024/04/25;0000 UTC;0;908,8;908,9;908,5;;18;17,6;18,5;18;18;17,6;97;97;97;60;3,4;0;
2024/04/25;0100 UTC;0;908,9;909,1;908,8;;18,1;17,3;18,2;17,9;17,7;17,3;97;95;95;360;3,4;2,1;
2024/04/25;0200 UTC;0;909,2;909,2;908,9;;18,1;17;18,2;18;17,3;16,9;95;93;93;25;3,9;1,7;
2024/04/25;0300 UTC;0;909,1;909,2;909,1;;18,2;16,8;18,3;18,1;17;16,8;93;92;92;30;2,9;,6;
2024/04/25;0400 UTC;0;908,5;909,1;908,5;,3;18,2;16,8;18,2;18;16,9;16,8;93;92;92;30;3;1,9;
2024/04/25;0500 UTC;0;908,1;908,5;908,1;;18,4;16,8;18,7;18,1;16,9;16,5;92;89;90;2;3,7;2,8;
2024/04/25;0600 UTC;0;907,6;908,1;907,6;;18,7;16,7;18,7;18,4;16,8;16,5;90;88;88;4;3,7;3;
2024/04/25;0700 UTC;0;907,5;907,6;907,5;;18,6;16,4;18,9;18,3;16,7;16,3;88;86;87;352;6;3,8;
2024/04/25;0800 UTC;0;907,3;907,5;907,3;;18,3;16,6;18,8;18,3;16,6;16,4;90;86;90;344;6,4;3,7;
2024/04/25;0900 UTC;0;907,5;907,5;907,3;,5;18,5;16,3;18,6;18,3;16,6;16,3;90;87;87;354;6,9;4;
2024/04/25;1000 UTC;0;907,9;908;907,5;1,3;18,6;16,4;18,8;18,4;16,4;16,1;88;84;87;353;5,9;3,5;
2024/04/25;1100 UTC;0;908,8;908,8;907,9;113,2;18,5;16,6;18,6;18,3;16,7;16,4;89;87;89;356;6,3;4,2;
2024/04/25;1200 UTC;0;909,4;909,4;908,8;824,7;20,3;17,7;20,3;18,4;17,8;16,6;90;85;85;358;6,7;3,6;
2024/04/25;1300 UTC;0;909,7;909,7;909,4;1145,7;20,1;17,4;20,6;19,4;18;16,8;86;82;84;344;7,3;4,1;
2024/04/25;1400 UTC;0;909,6;909,7;909,5;1075,2;20,9;17,4;20,9;20,1;17,9;17,1;85;80;81;353;6,9;3,3;
2024/04/25;1500 UTC;0;909,1;909,6;909,1;1181,5;21,8;17,9;21,8;20,8;18;17,3;82;78;78;343;6,3;3,6;
2024/04/25;1600 UTC;0;908,3;909,1;908,2;1251,9;22;18,1;22,3;21,5;18,3;17,2;79;76;79;344;6,9;3,7;
2024/04/25;1700 UTC;0;907,9;908,3;907,8;837,8;22;17,6;22,3;21,9;18,7;17,2;81;74;76;340;7,5;3,8;
2024/04/25;1800 UTC;0;907,7;907,9;907,5;763,8;22;17,6;22,2;21,8;17,8;17;77;73;76;334;6,9;3,9;
2024/04/25;1900 UTC;0;907,2;907,7;907,2;749,3;22,1;18,6;22,3;22;18,6;17,5;81;76;81;337;6,8;3,2;
2024/04/25;2000 UTC;0;907,2;907,4;907,2;485,2;21,8;18,6;22,1;21,8;18,6;18,4;82;80;82;358;6,4;1,2;
2024/04/25;2100 UTC;0;907,8;907,8;907,1;116,2;21,3;18,9;21,8;21,2;18,9;18,6;86;82;86;19;3,6;0;
2024/04/25;2200 UTC;0;908,4;908,4;907,6;;21,2;19;21,3;21;19;18,7;88;86;87;8;2,3;,1;
2024/04/25;2300 UTC;0;908,5;908,7;908,3;;21,5;18,9;21,5;21,1;19;18,8;87;85;85;1;4,3;1,5;
2024/04/26;0000 UTC;0;908,6;908,7;908,1;;21,5;18,9;21,6;21,2;19,1;18,8;87;85;85;350;4,8;3,2;
2024/04/26;0100 UTC;0;908,6;908,8;908,2;;21,8;18,8;22;21,5;19;18,8;85;83;83;351;6,9;3,6;
2024/04/26;0200 UTC;0;909;909;908,6;;21,6;18,7;21,8;21,4;18,8;18,7;85;83;83;357;6,4;3,4;
2024/04/26;0300 UTC;0;909,2;909,2;909;;21,4;18,6;21,8;21,3;18,8;18,6;84;82;84;6;5,1;1;
2024/04/26;0400 UTC;0;908,2;909,2;908,1;;20,9;18,6;21,5;20,9;18,7;18,6;87;84;87;357;5,4;2,5;
2024/04/26;0500 UTC;0;908,2;908,3;908,1;;20,3;18,4;20,9;20,3;18,6;18,4;89;87;89;13;5,3;2;
2024/04/26;0600 UTC;0;908,2;908,2;908;;20;18,6;20,4;20;18,7;18,4;91;89;91;358;5,5;2,7;
2024/04/26;0700 UTC;0;907,7;908,3;907,7;;19,7;18,5;20;19,5;18,7;18,4;93;91;93;8;5,5;2,8;
2024/04/26;0800 UTC;0;907,4;907,7;907,3;;19,2;18,3;19,7;19,2;18,4;18,3;95;92;94;5;6,3;2,8;
2024/04/26;0900 UTC;0;907,7;907,7;907,4;;19;18,1;19,3;19;18,4;18,1;95;94;94;6;6,1;3;
2024/04/26;1000 UTC;0;908,3;908,3;907,7;;18,9;17,9;19;18,9;18,1;17,9;95;94;94;16;6,2;2,7;
2024/04/26;1100 UTC;0;908,7;908,7;908,3;280,3;19,6;18,2;19,6;18,8;18,2;17,8;94;91;92;25;5,8;1,2;
2024/04/26;1200 UTC;0;909,2;909,2;908,7;1034,3;20,4;18,2;20,5;19,6;18,6;18;92;87;87;5;7,3;2,6;
2024/04/26;1300 UTC;0;909,5;909,5;909,2;1745,8;22,1;19,1;22,1;20,4;19,1;18,1;87;81;83;2;8,1;3,4;
2024/04/26;1400 UTC;0;909,1;909,5;909,1;2279,1;23,3;19,3;23,3;21,9;19,3;18,6;83;77;79;349;7,8;3,5;
2024/04/26;1500 UTC;0;908,5;909,1;908,5;2654;24,4;19,2;24,4;23,2;19,6;18,7;79;73;73;344;8,2;4,2;
2024/04/26;1600 UTC;0;907,9;908,5;907,9;2665,1;24,5;18,9;24,9;23,9;19,7;18,7;74;71;71;340;9,9;3,5;
2024/04/26;1700 UTC;0;907;907,9;907;2540,9;25,7;19,3;25,7;24,5;19,5;18,6;72;67;68;344;8,5;3,5;
2024/04/26;1800 UTC;0;906,2;907;906,2;1994,9;25,7;19,1;26,1;24,8;19,5;18,5;70;65;67;340;8,9;4,3;
2024/04/26;1900 UTC;0;905,7;906,3;905,7;1062,1;25,1;19,2;25,8;24,4;19,3;18,2;71;65;70;344;7,9;3,9;
2024/04/26;2000 UTC;0;905,9;905,9;905,6;989,3;25;19,5;25,2;24,6;19,5;18,7;72;68;72;347;8,6;2,4;
2024/04/26;2100 UTC;0;905,9;906;905,8;295,4;23,4;18,6;25;23,4;19,5;18,6;75;71;75;348;5,9;3,2;
2024/04/26;2200 UTC;0;905,7;906;905,7;;22,9;18,8;23,5;22,7;18,8;18,5;78;74;78;351;5,9;3,7;
2024/04/26;2300 UTC;0;906,1;906,1;905,7;;22,5;18,7;22,9;22,4;18,8;18,6;80;78;79;353;6,3;2,6;
2024/04/27;0000 UTC;0;906,3;906,4;906,1;;21,9;18,7;22,6;21,9;18,8;18,6;82;79;82;355;5,8;1,8;
2024/04/27;0100 UTC;0;906,4;906,4;906,2;;21,5;18,5;22;21,5;18,8;18,5;83;82;83;356;5,8;2,4;
2024/04/27;0200 UTC;0;906,5;906,5;906,4;;21,4;18,4;21,7;21,3;18,6;18,4;84;82;83;348;7,6;3,3;
2024/04/27;0300 UTC;0;906,3;906,5;906,3;;21,2;18,3;21,5;21,1;18,5;18,2;84;83;84;355;7,6;3,4;
2024/04/27;0400 UTC;0;906,3;906,4;906,3;;20,8;18,2;21,2;20,8;18,4;18,1;85;83;85;352;6,4;2,7;
2024/04/27;0500 UTC;0;906,4;906,5;906,3;;20,5;18,1;20,8;20,4;18,3;18;86;85;86;351;6,4;2,9;
2024/04/27;0600 UTC;0;906,4;906,5;906,3;;20,4;17,9;20,6;20,3;18,1;17,9;86;85;86;2;5,2;2,4;
2024/04/27;0700 UTC;0;906,1;906,4;906,1;;20,3;17,8;20,6;20,3;18,1;17,8;86;85;85;5;5,8;3;
2024/04/27;0800 UTC;0;905,8;906,2;905,8;;20,2;17,7;20,4;20;17,9;17,7;87;85;86;358;6,2;3,7;
2024/04/27;0900 UTC;0;906,1;906,1;905,8;;19,9;17,6;20,3;19,9;17,8;17,5;87;85;87;358;6,3;3,5;
2024/04/27;1000 UTC;0;906,5;906,5;906;;19,7;17,7;20,2;19,7;17,8;17,6;88;86;88;352;7,1;4,7;
2024/04/27;1100 UTC;0;906,9;906,9;906,5;262,3;20,3;18;20,3;19,7;18;17,7;88;86;87;350;8;5,2;
2024/04/27;1200 UTC;0;907,3;907,3;906,9;759,3;21;18,5;21;20,3;18,5;18;87;85;85;349;9,2;5,6;
2024/04/27;1300 UTC;0;907,4;907,5;907,2;1234;21,6;18,7;21,9;21;18,9;18,5;85;82;84;345;10,1;5,9;
2024/04/27;1400 UTC;0;907,4;907,6;907,3;1518,7;23,1;19,2;23,3;21,5;19,7;18,7;84;79;79;342;10,1;5,3;
2024/04/27;1500 UTC;0;906,8;907,4;906,8;2341,5;25,3;20,1;25,5;23;20,3;19,2;80;71;73;335;9,2;3,9;
2024/04/27;1600 UTC;,2;906,2;906,8;906,2;1768,9;23,6;19,7;25,9;23,6;20,4;19,4;78;70;78;320;10,2;5;
2024/04/27;1700 UTC;,2;905,2;906,2;905,1;1424,5;25,2;20;25,5;23,6;20,8;19,8;81;72;73;314;10,5;5,4;
2024/04/27;1800 UTC;0;904,6;905,2;904,6;1196,8;25,6;19,9;26,6;25;20,8;19,4;75;69;71;300;10,5;3,3;
2024/04/27;1900 UTC;0;904,7;904,9;904,5;1046,2;25;19,5;25,6;22,8;20,1;18,3;79;69;72;317;12;3,6;
2024/04/27;2000 UTC;0;904,6;904,7;904,5;1026,1;24,4;19,8;25,2;24,3;20,3;19,3;76;71;75;313;8,7;4,5;
2024/04/27;2100 UTC;0;904,6;904,7;904,5;279,7;23,2;19,9;24,5;23,2;19,9;19,8;82;75;82;312;8,7;3,5;
2024/04/27;2200 UTC;0;904,5;904,6;904,5;;23,2;20,1;23,3;22,9;20,2;19,9;84;82;83;310;6,8;4,3;
2024/04/27;2300 UTC;0;904,6;904,7;904,5;;23,2;19,8;23,3;22,7;20,3;19,8;86;81;81;306;7,6;4;
2024/04/28;0000 UTC;0;905,1;905,1;904,6;;22,9;19,6;23,2;22,7;20;19,6;84;81;82;305;7,6;3,8;
2024/04/28;0100 UTC;0;905;905,3;905;;22,8;19,6;23,3;22,7;19,8;19,4;82;80;82;308;7,7;3,9;
2024/04/28;0200 UTC;0;904,8;905;904,6;;23;19,8;23;22,6;19,9;19,5;83;82;82;315;8,7;5,3;
2024/04/28;0300 UTC;0;905,6;905,6;904,8;;22,4;19,8;23;22,3;19,8;19,6;85;82;85;311;9,4;3,8;
2024/04/28;0400 UTC;0;905,6;905,8;905,5;;21,6;19,8;22,5;21,5;20;19,6;90;85;90;333;6,3;2,6;
2024/04/28;0500 UTC;0;905,1;905,7;905,1;;21,6;19,6;22;21,5;19,9;19,5;90;87;88;329;6,5;3,4;
2024/04/28;0600 UTC;0;904,6;905,2;904,5;;21,5;19,4;21,6;21,4;19,5;19,3;89;87;88;337;6,1;2,9;
2024/04/28;0700 UTC;0;904,6;904,7;904,3;;21,1;19,1;21,7;21,1;19,5;19,1;89;87;88;316;9,9;6,8;
2024/04/28;0800 UTC;0;904,1;904,6;904,1;;21,3;18,6;21,3;20,6;19,3;18,6;92;85;85;316;11,4;6,8;
2024/04/28;0900 UTC;,2;904,4;904,4;904,1;;20,2;18,7;21,4;20,1;18,8;18,5;92;84;91;310;11,4;5,3;
2024/04/28;1000 UTC;0;905,4;905,4;904,4;;20,3;18,7;21,4;20,1;18,8;18,4;91;84;91;320;8,6;5,2;
2024/04/28;1100 UTC;,8;905,9;905,9;905,4;34,8;20;18,9;20,4;20;19,2;18,7;94;91;94;310;9,3;6;
2024/04/28;1200 UTC;1,6;906;906,2;905,8;87,1;21;19;21,1;20;19,6;18,9;95;88;88;313;9,1;4,7;
2024/04/28;1300 UTC;0;906,9;906,9;906;498,3;20,3;19,4;21,5;20,3;20,1;19;95;88;95;311;10,8;5,9;
2024/04/28;1400 UTC;0;905,8;906,9;905,8;398,1;20,8;19,9;20,8;20,2;20,1;19,4;96;95;95;319;10,3;6,7;
2024/04/28;1500 UTC;0;906,2;906,2;905,7;1290,2;21,7;20;22,1;20,8;20,5;19,8;95;89;90;310;11,6;6,3;
2024/04/28;1600 UTC;0;905,4;906,2;905,4;1408,5;22,1;20,4;23;21,7;21,1;20;91;87;90;316;10,4;5,7;
2024/04/28;1700 UTC;0;904,4;905,5;904,4;1310,2;23,1;20,4;23,3;22;20,9;20,2;90;85;85;304;10,2;4,8;
2024/04/28;1800 UTC;1,6;905;905;904,4;575,4;21,5;19,9;23,9;21,2;21;19,3;91;82;91;296;9,5;4,4;
2024/04/28;1900 UTC;,2;904,4;905;904,1;465,8;21,9;20,2;22,3;21,5;20,6;20,1;91;89;90;309;8,4;4,5;
2024/04/28;2000 UTC;,2;904,5;904,6;904,3;179,2;21,9;20,1;22,1;21,7;20,2;20;91;89;89;312;7,9;4,6;
2024/04/28;2100 UTC;0;904,5;904,8;904,5;91,7;22;19,8;22,4;21,9;20,2;19,8;90;86;87;312;7,3;3,7;
2024/04/28;2200 UTC;0;904,8;904,8;904,5;;21,3;19,8;22,4;21,2;19,9;19,5;91;86;91;333;6,9;,1;
2024/04/28;2300 UTC;0;905,3;905,3;904,8;;21,1;20,2;21,3;21;20,2;19,7;95;91;95;354;3,8;2,7;
2024/04/29;0000 UTC;0;905,5;905,5;905,2;;21,3;20,2;21,3;21;20,3;20,1;95;94;94;352;5,5;3,2;
2024/04/29;0100 UTC;0;905,7;905,8;905,5;;21,1;20,1;21,4;21;20,3;20,1;94;93;94;359;5,5;3;
2024/04/29;0200 UTC;0;905,9;905,9;905,6;;21,3;20,2;21,5;21;20,2;20;94;92;93;357;4,8;2;
2024/04/29;0300 UTC;0;905,8;906;905,8;;21,5;20,1;21,6;21,2;20,4;20;93;92;92;3;4,1;2,4;
2024/04/29;0400 UTC;0;906,1;906,1;905,6;;21,5;19,6;21,6;21,2;20,1;19,6;93;89;89;360;5,5;2,9;
2024/04/29;0500 UTC;0;906;906,4;906;;20,5;19,4;21,5;20,5;19,6;19,3;93;89;93;1;6,5;2,6;
2024/04/29;0600 UTC;0;905,9;906,2;905,7;;20,7;19,3;20,8;20,4;19,4;19,2;93;91;92;3;5,3;2,4;
2024/04/29;0700 UTC;0;905,2;906;905,2;;20,9;19,2;21,1;20,6;19,4;19,1;92;90;90;5;6;3,4;
2024/04/29;0800 UTC;0;905,6;905,6;905,1;;21;19;21,1;20,6;19,3;19;91;89;89;1;6,4;3,1;
2024/04/29;0900 UTC;0;905,9;906;905,5;;20,8;19;20,9;20,5;19,1;18,9;91;89;90;351;7,6;4,5;
2024/04/29;1000 UTC;0;906,4;906,5;905,7;;20,4;18,9;20,8;20,3;19;18,8;91;90;91;352;8,1;4,7;
2024/04/29;1100 UTC;0;907;907;906,4;175,9;20,4;19;20,4;20,1;19;18,8;92;91;92;352;8,2;4,2;
2024/04/29;1200 UTC;0;907,4;907,4;907;1009,3;22;19,3;22;20,4;19,4;19;92;84;84;345;9,1;5,1;
2024/04/29;1300 UTC;0;907,6;907,7;907,3;1722,7;23,3;19,7;23,3;22;19,8;19,3;85;80;80;341;12;6,4;
2024/04/29;1400 UTC;0;907,5;907,8;907,4;2275,7;24,5;20,6;24,5;23,1;20,6;19,5;81;79;79;344;12,4;6,1;
2024/04/29;1500 UTC;0;906,9;907,5;906,9;2620,7;25,6;20,2;25,7;24,4;20,6;19,9;79;71;72;338;12,8;5,7;
2024/04/29;1600 UTC;0;906,2;906,9;906,2;2561,4;26,2;19,9;26,5;25,3;20,7;19,8;74;68;68;337;14,1;6,2;
2024/04/29;1700 UTC;0;905,7;906,2;905,7;2442,4;26,7;19,4;26,8;26;20,5;19,2;69;64;64;338;13;6,2;
2024/04/29;1800 UTC;0;905,4;905,8;905,4;1824,1;26,6;19,4;27,2;25,8;20,1;18,9;68;64;65;340;12,1;5;
2024/04/29;1900 UTC;0;905;905,4;905;1553,5;26,6;19,5;27;26;19,9;18,7;67;62;65;342;10,9;5,5;
2024/04/29;2000 UTC;0;904,3;905;904,3;879,9;25,8;18,9;26,6;25,7;19,6;18,8;67;64;66;343;11,8;5,5;
2024/04/29;2100 UTC;0;904,3;904,5;904,2;257,7;24,6;19;25,8;24,6;19,1;18,8;71;65;71;351;11,4;4,4;
2024/04/29;2200 UTC;0;904,7;904,8;904,3;;24,1;18,7;24,7;24;19;18,7;72;71;72;350;9,9;4,7;
2024/04/29;2300 UTC;0;905,3;905,3;904,7;;23,4;18,9;24,1;23,4;19;18,6;76;72;76;5;8,2;3,2;
2024/04/30;0000 UTC;0;905,8;905,9;905,2;;22,9;18,8;23,5;22,9;19;18,8;78;76;78;358;7,7;3,2;
2024/04/30;0100 UTC;0;906,2;906,3;905,8;;23;18,6;23,1;22,8;18,9;18,6;78;76;76;1;7,6;3,2;
2024/04/30;0200 UTC;0;906,2;906,4;906,2;;22,7;18,2;23;22,7;18,6;18,2;76;75;76;3;8,6;2,9;
2024/04/30;0300 UTC;0;905,4;906,2;905,4;;22,2;17,9;22,8;22,1;18,2;17,9;77;75;77;4;9,6;3,3;
2024/04/30;0400 UTC;0;905,2;905,4;905,1;;21,8;17,7;22,2;21,7;17,9;17,7;78;76;78;353;9,4;4,2;
2024/04/30;0500 UTC;0;904,9;905,3;904,9;;22;17,3;22;21,6;17,7;17,3;78;75;75;350;10,1;4,9;
2024/04/30;0600 UTC;0;904,3;904,9;904,3;;21,2;17,2;22;21,2;17,3;17,1;78;74;78;343;10,7;5,1;
2024/04/30;0700 UTC;0;904,9;904,9;904,3;;21;17,1;21,3;20,9;17,2;17;79;78;78;344;9,4;4,9;
2024/04/30;0800 UTC;0;905,4;905,4;904,9;;21;16,8;21,1;20,9;17,1;16,8;78;77;77;349;8,7;4,4;
2024/04/30;0900 UTC;0;906,2;906,2;905,4;;20,8;16,6;21,1;20,7;16,8;16,6;78;77;77;357;7,3;4,2;
2024/04/30;1000 UTC;0;907,2;907,2;906,2;;20,8;16,6;20,8;20,5;16,7;16,6;78;77;77;348;6,7;4,3;
2024/04/30;1100 UTC;0;907,3;907,3;907,1;109,6;21,5;16,3;21,5;20,8;16,6;16,3;77;72;72;344;9,3;5,4;
2024/04/30;1200 UTC;0;907,4;907,5;907,2;650,3;22,5;16,4;22,9;21,5;16,8;16,3;72;67;68;351;10,7;6,3;
2024/04/30;1300 UTC;0;907,7;907,8;907,1;1614,9;24;17;24,1;22,5;17,1;16,3;69;64;65;341;12;5,9;
2024/04/30;1400 UTC;0;907,5;907,8;907,5;2269,1;25,3;17,6;25,3;24;17,9;16,7;65;62;62;343;12,2;5,8;
2024/04/30;1500 UTC;0;906,7;907,5;906,7;2573,5;26;18;26,5;25,1;18,6;17,4;63;60;61;339;13,3;5,8;
2024/04/30;1600 UTC;0;906,1;906,8;906,1;2692,8;26,6;17,9;26,8;26;18,6;17,8;63;59;59;340;12,8;6,9;
2024/04/30;1700 UTC;0;905,4;906,2;905,4;2182;26,3;18;27;26,1;18,7;17,9;63;59;60;337;12,4;6,4;
2024/04/30;1800 UTC;0;905,2;905,4;905,1;1773,7;27;18,2;27,4;25,9;18,7;17,4;61;57;59;326;12,7;5,9;
2024/04/30;1900 UTC;0;905,1;905,2;905,1;1415,3;26,5;17,7;27,6;26,1;18,9;17,7;61;56;59;324;12,7;4,7;
2024/04/30;2000 UTC;0;905,2;905,2;904,9;1017,7;26,3;18,2;26,8;26,2;18,4;17,2;61;56;61;339;11,2;4,2;
2024/04/30;2100 UTC;0;905,4;905,4;905,2;233,5;24,9;18,3;26,3;24,8;18,3;17,9;67;61;67;350;10,1;3,7;
2024/04/30;2200 UTC;0;905,5;905,6;905,3;;24;18,5;24,9;23,8;18,5;18,2;72;67;71;351;7,3;3,4;
2024/04/30;2300 UTC;0;905,8;905,8;905,5;;23,8;18,4;24,1;23,6;18,5;18,3;72;71;71;356;6,9;3,8;
2024/05/01;0000 UTC;0;905,7;905,8;905,7;;23,5;18,3;23,9;23,3;18,4;18,2;73;71;73;352;7,5;3,5;
2024/05/01;0100 UTC;0;905,8;905,8;905,5;;23,4;18,4;23,6;23,2;18,4;18,2;74;73;73;353;9;4,4;
2024/05/01;0200 UTC;0;905,9;906;905,8;;22,7;18,3;23,5;22,7;18,4;18,3;76;73;76;352;8,3;3,9;
2024/05/01;0300 UTC;0;905,9;905,9;905,7;;22,4;18,2;22,7;22,4;18,3;18,2;77;76;77;350;8,5;4,7;
2024/05/01;0400 UTC;0;906;906,1;905,8;;22,1;18,2;22,4;21,8;18,2;18,1;80;77;79;348;8,5;4,6;
2024/05/01;0500 UTC;0;905,8;906;905,8;;21,7;18,2;22,1;21,6;18,2;18,1;81;79;81;351;7,4;4,2;
2024/05/01;0600 UTC;0;905,7;905,9;905,7;;21,4;18,1;21,7;21,4;18,2;18,1;82;80;82;350;7,5;3,9;
2024/05/01;0700 UTC;0;905,6;905,8;905,5;;21,1;18,2;21,5;21;18,2;18,1;84;82;84;348;7;4,1;
2024/05/01;0800 UTC;0;905,5;905,6;905,4;;21,1;18,1;21,1;20,9;18,2;18,1;84;83;83;350;8,4;5;
2024/05/01;0900 UTC;0;905,7;905,7;905,4;;20,8;18;21,2;20,8;18,1;17,9;84;83;84;350;8,5;4,6;
2024/05/01;1000 UTC;0;906;906;905,6;;20,6;17,9;20,9;20,5;18;17,9;85;84;85;349;7,8;4,8;
2024/05/01;1100 UTC;0;906,1;906,1;905,9;250,8;21,1;18;21,1;20,6;18;17,8;85;83;83;352;8,2;4,7;
2024/05/01;1200 UTC;0;906,8;906,8;906;893,1;22,2;18,1;22,5;21,1;18,3;18;83;77;78;351;8;4;
2024/05/01;1300 UTC;0;907,2;907,2;906,8;725;22,5;18,4;22,5;22,1;18,6;18,1;79;77;78;352;8;4,3;
2024/05/01;1400 UTC;0;906,7;907,2;906,7;1537;23,6;19,1;24,1;22,5;19,4;18,4;79;74;76;344;7,8;4,6;
2024/05/01;1500 UTC;0;905,4;906,7;905,4;2266,4;25,5;19,4;25,7;23,6;19,9;19,1;76;69;69;332;14,7;6,5;
2024/05/01;1600 UTC;0;905,1;905,4;905;1671,7;25,1;19,5;25,9;24,7;19,8;19;73;67;71;324;14,7;5,4;
2024/05/01;1700 UTC;0;904,4;905,1;904,4;728,3;25,1;19,5;25,6;24,8;19,7;19,1;72;69;71;315;11,7;6,6;
2024/05/01;1800 UTC;0;903,4;904,4;903,3;1782,8;25,9;18,9;27,1;25;20,6;18,9;73;63;65;315;13,1;8,2;
2024/05/01;1900 UTC;0;903,2;903,5;903,1;530,8;24,7;19,7;25,9;22,1;20,8;19;86;65;74;318;13,1;4,7;
2024/05/01;2000 UTC;0;902,6;903,2;902,6;697,3;25,5;19,8;25,9;24,7;20;19,5;74;69;71;333;9,7;4,7;
2024/05/01;2100 UTC;0;902,7;903;902,6;219,4;24,3;19,4;25,5;24,2;19,7;19,3;74;70;74;330;9,3;3,5;
2024/05/01;2200 UTC;0;902,6;902,8;902,5;;23,7;19,4;24,4;23,7;19,5;19,3;77;74;77;345;6,8;3,3;
2024/05/01;2300 UTC;0;902,7;902,8;902,4;;23,4;19,4;24;23,4;19,5;19,3;79;75;79;350;7,6;4;
2024/05/02;0000 UTC;0;902,5;902,8;902,5;;23,2;19,4;23,5;23;19,5;19,4;80;78;79;348;6,8;3,9;
2024/05/02;0100 UTC;0;901,9;902,5;901,9;;23,2;19,1;23,3;23,1;19,4;19,1;79;78;78;349;8,2;4,8;
2024/05/02;0200 UTC;0;901,8;902;901,8;;22,5;18,9;23,2;22,5;19,1;18,9;80;78;80;346;9,1;5,1;
2024/05/02;0300 UTC;0;902,2;902,4;901,8;;22;18,9;22,6;22;19;18,8;82;80;82;347;7,9;3,9;
2024/05/02;0400 UTC;0;902,1;902,5;902,1;;21,8;18,9;22,1;21,8;19;18,8;84;82;84;344;7,1;4,1;
2024/05/02;0500 UTC;0;901,9;902,1;901,7;;21,5;19,1;21,9;21,4;19,1;18,9;86;84;86;327;9,2;4,1;
2024/05/02;0600 UTC;0;901,4;901,9;901,3;;21,3;19,2;21,5;21,1;19,2;19,1;88;86;88;324;9,2;4,4;
2024/05/02;0700 UTC;0;901;901,5;901;;21,1;19,2;21,4;21,1;19,3;19,1;89;88;89;327;10,7;5,1;
2024/05/02;0800 UTC;0;900,9;901,3;900,8;;20,9;19,2;21,2;20,9;19,3;19,1;90;89;90;342;9,9;4,8;
2024/05/02;0900 UTC;0;900,5;900,9;900,3;;20,9;19,4;20,9;20,6;19,4;19,1;92;90;91;335;10;5,8;
2024/05/02;1000 UTC;,6;901,4;901,5;900,5;;20,6;19,6;20,9;20,4;19,6;19,3;94;91;94;341;9,7;5,6;
2024/05/02;1100 UTC;0;902,5;902,5;901,4;188,1;21;19,7;21,1;20,4;19,9;19,5;94;92;92;342;9,3;4,7;
2024/05/02;1200 UTC;2,8;903,3;903,7;902,4;520,3;20,7;20;21,7;20,5;20,2;19,5;96;90;96;346;8;4,2;
2024/05/02;1300 UTC;,6;902,9;903,3;902,8;1457,8;22,7;20,9;22,7;20,7;21,4;19,9;96;89;90;330;10,2;5,3;
2024/05/02;1400 UTC;0;903,3;903,4;902,7;1608,9;23;20,4;24;21,8;21,6;20;91;82;86;323;10,6;3,7;
2024/05/02;1500 UTC;2,8;902,6;903,3;902,6;166,6;21,8;20,2;23;21,5;20,4;19,9;92;86;91;303;7,3;2,6;
2024/05/02;1600 UTC;2,4;901,8;902,7;901,4;1344,4;24,1;19,8;25;20,7;21,3;19,5;95;74;77;313;16,1;9;
2024/05/02;1700 UTC;6,2;901;902;901;1129,2;24,6;19,9;25,1;20,7;22;19,6;95;75;75;308;16,1;7,1;
2024/05/02;1800 UTC;0;900,9;901,3;900,6;1317,8;25,7;19,1;25,7;24,4;20,5;19,1;77;66;67;312;17,8;10,3;
2024/05/02;1900 UTC;0;901,2;901,4;900,9;919,4;25,2;19;26;24,8;19,6;18,8;73;66;69;312;17,8;5,7;
2024/05/02;2000 UTC;9,6;903,1;903,3;901,2;144,8;18,5;17,8;25,2;18,5;19,3;17,8;96;68;96;170;11,6;3,5;
2024/05/02;2100 UTC;2,4;903,6;904,1;902,9;29,2;18,3;17,9;18,6;18,1;18,1;17,7;97;96;97;124;7;,5;
2024/05/02;2200 UTC;1,2;904,1;904,1;903,3;;17,9;17,5;18,3;17,8;17,9;17,4;97;97;97;127;5,4;2;
2024/05/02;2300 UTC;1,4;905,6;905,7;903,1;;17,1;16,7;17,9;17,1;17,5;16,7;98;97;98;156;8,5;2,3;
2024/05/03;0000 UTC;5;905,8;905,9;904,7;;16,8;16,5;17,1;16,8;16,7;16,4;98;98;98;122;7,6;1,6;
2024/05/03;0100 UTC;3,6;905,6;906,4;905;,1;16,6;16,2;16,8;16,6;16,5;16,2;98;98;98;129;8;1,7;
2024/05/03;0200 UTC;4,6;905,4;906,1;905,1;,3;16,4;16,1;16,6;16,4;16,2;16,1;98;98;98;111;5,8;1,8;
2024/05/03;0300 UTC;2;904,8;905,9;904,8;0;16,4;16,1;16,6;16,4;16,2;16,1;98;98;98;121;5,3;1,1;
2024/05/03;0400 UTC;4,6;905,1;905,4;904,4;;16,5;16,2;16,6;16,4;16,2;16,1;98;98;98;335;3,8;,4;
2024/05/03;0500 UTC;6;904,7;905,5;904,6;;16,7;16,3;17,1;16,5;16,8;16,2;98;98;98;332;6,4;3,2;
2024/05/03;0600 UTC;2,6;904,2;904,7;904,2;;16,9;16,1;17,1;16,6;16,7;16,1;98;95;95;328;6;2,6;
2024/05/03;0700 UTC;3,2;904,1;904,7;904;;16,5;16,1;16,9;16,5;16,2;16;97;95;97;342;7,1;2,9;
2024/05/03;0800 UTC;3,4;905;905,1;904,1;;16,4;16;16,5;16,4;16,1;16;98;97;98;328;5,2;3;
2024/05/03;0900 UTC;2,6;904,1;905,1;904;;16,4;16;16,4;16,4;16;16;98;98;98;39;7,1;,6;
2024/05/03;1000 UTC;3,4;904,5;904,7;903,9;;16,4;16,1;16,4;16,4;16,1;16;98;98;98;62;5,4;,3;
2024/05/03;1100 UTC;2,6;906;906,1;904,4;8,4;16,5;16,1;16,6;16,4;16,3;16,1;98;98;98;350;5,4;2,6;
2024/05/03;1200 UTC;1,8;906,7;906,7;906;65,4;16,6;16,3;16,7;16,5;16,3;16,1;98;98;98;8;4,6;1,4;
2024/05/03;1300 UTC;6,2;906,9;907,1;906,4;53,2;16,7;16,4;16,9;16,6;16,5;16,2;98;98;98;15;6,2;2,9;
2024/05/03;1400 UTC;8,8;906,8;907;906,2;44,5;17,2;16,7;17,5;16,7;17,1;16,3;98;97;97;356;11,5;5,3;
2024/05/03;1500 UTC;5,2;906,6;906,9;906,3;46,6;17,2;16,7;17,5;17,2;16,9;16,6;97;96;97;353;10,4;4,7;
2024/05/03;1600 UTC;5,4;905,4;906,9;905,4;95,5;17,4;17;17,4;17,1;17;16,7;97;97;97;14;9,6;3,5;
2024/05/03;1700 UTC;1,2;903,5;905,4;903,3;182,4;17,7;16;17,9;17,3;16,9;15,9;97;89;89;13;11,4;3,9;
2024/05/03;1800 UTC;2,2;903,3;904,7;903,3;91,9;17;16,3;18,1;17;16,3;15,9;96;88;96;29;9,4;3,1;
2024/05/03;1900 UTC;2,6;903,2;903,6;902,7;19,1;17,7;16,6;17,7;17;16,6;16,2;96;92;93;40;12,5;3,2;
2024/05/03;2000 UTC;,8;903,5;903,8;903;121,3;17,4;16,8;17,9;17,2;16,8;16,4;96;92;96;7;13,5;6,6;
2024/05/03;2100 UTC;,8;904,4;904,4;903,5;15,6;17,3;16,6;17,5;17,2;16,9;16,6;97;96;96;359;13,5;4,3;
2024/05/03;2200 UTC;3,4;904,8;905,2;904,3;;17,1;16,6;17,5;17,1;16,7;16,4;97;94;97;348;9;5,2;
2024/05/03;2300 UTC;5,4;905,7;905,9;904,7;;17;16,5;17,6;16,9;17,1;16,5;97;96;97;359;8,8;1,6;
2024/05/04;0000 UTC;5;905,9;906,1;905,7;;17,3;16,9;17,4;17;17;16,5;98;97;97;79;4,6;,5;
2024/05/04;0100 UTC;1,6;906,1;906,4;905,5;;17,1;16,7;17,3;17,1;16,9;16,7;98;97;98;66;6,5;,5;
2024/05/04;0200 UTC;3,6;905,7;906,2;905,6;,2;17,6;17,2;17,6;17,1;17,2;16,7;98;98;98;4;5,7;1,8;
2024/05/04;0300 UTC;2,2;906;906,1;905,7;;17,9;17,5;18;17,6;17,6;17,3;98;98;98;350;7;4,8;
2024/05/04;0400 UTC;2,4;906;906,3;905,9;;17,9;17,6;18;17,8;17,6;17,5;98;98;98;355;7,6;4;
2024/05/04;0500 UTC;0;906;906,1;905,9;;18,1;17,7;18,2;17,9;17,8;17,6;98;98;98;2;6,4;2,1;
2024/05/04;0600 UTC;0;905,9;906;905,8;1,9;18,8;17,8;19,1;18,1;18,3;17,5;98;93;94;332;7,2;3,1;
2024/05/04;0700 UTC;0;906,1;906,1;905,8;1,6;18,4;17,4;18,8;18,3;17,7;17,4;94;93;94;333;6,6;2,3;
2024/05/04;0800 UTC;0;906,3;906,3;906,1;;18,4;17,5;18,5;18,2;17,6;17,3;95;94;94;336;5,3;2,6;
2024/05/04;0900 UTC;0;906,8;906,8;906,3;;18,5;17,6;18,5;18,2;17,6;17,3;95;94;95;336;6,5;2,4;
2024/05/04;1000 UTC;0;907,1;907,2;906,7;;19,2;18;19,2;18,5;18,1;17,6;95;93;93;325;5,8;3,8;
2024/05/04;1100 UTC;0;907,4;907,4;907;171,8;19,2;18;19,3;18,9;18,1;17,8;93;92;93;348;5,8;3,1;
2024/05/04;1200 UTC;0;908,2;908,2;907,4;706,6;19,8;18,5;20;19,2;18,7;18,1;93;92;92;358;5;2,6;
2024/05/04;1300 UTC;0;908,9;908,9;908,3;518,8;20,1;19;20,2;19,8;19;18,5;94;92;93;39;4,2;0;
2024/05/04;1400 UTC;0;908,6;908,9;908,6;715,8;21,5;20,2;21,5;20,1;20,2;19;94;91;92;16;2,9;,1;
2024/05/04;1500 UTC;0;908,2;908,7;908,1;1046;23,1;20,6;23,1;21,4;21;19,8;92;86;86;13;2,4;,1;
2024/05/04;1600 UTC;0;907,2;908,2;907,2;1203,2;23,2;20,7;23,7;23;21;20,3;87;83;86;360;5,3;1,7;
2024/05/04;1700 UTC;0;906,6;907,3;906,6;1596,2;24,7;19,7;25,6;23,2;21,3;19,7;86;73;74;327;8,5;4,2;
2024/05/04;1800 UTC;0;906,7;906,7;906,5;1572,5;25,1;19,9;25,7;24,4;20,8;19,4;77;69;73;321;10,7;4,7;
2024/05/04;1900 UTC;0;906,8;906,9;906,6;1152,7;25,3;20,4;26,1;24,3;20,9;19,6;76;70;74;315;9;4,2;
2024/05/04;2000 UTC;0;907,3;907,3;906,8;410,8;23,7;19,6;25,5;23,7;20,4;19,1;77;71;77;323;10;3,1;
2024/05/04;2100 UTC;0;907,7;907,8;907,3;112,4;23,1;19,6;23,8;23,1;19,8;19,5;81;77;81;328;8;2,4;
2024/05/04;2200 UTC;0;908,2;908,2;907,7;;22,9;19,6;23,1;22,6;19,8;19,6;83;81;82;333;5,5;2,1;
2024/05/04;2300 UTC;0;908,8;908,8;908,2;;22,8;19,6;22,9;22,5;19,7;19,4;84;82;82;345;4,5;2,3;
2024/05/05;0000 UTC;0;909,4;909,4;908,8;;23;19,5;23,1;22,6;19,7;19,4;82;81;81;353;4,2;2,5;
2024/05/05;0100 UTC;0;909,4;909,5;909,3;;22,8;19,3;23,1;22,4;19,7;19,3;84;81;81;357;4,4;2,2;
2024/05/05;0200 UTC;0;909;909,5;909;;22,5;19;22,9;22,3;19,4;18,9;82;80;81;14;6,2;2,3;
2024/05/05;0300 UTC;0;909,1;909,2;908,9;;22,5;18,5;22,8;22,4;19;18,5;81;78;78;360;7,4;3;
2024/05/05;0400 UTC;0;908,8;909,1;908,8;;21,9;18,5;22,7;21,9;18,6;18,4;81;78;81;8;8;2,9;
2024/05/05;0500 UTC;0;908,6;908,8;908,4;;21,6;18,2;22,1;21,4;18,5;18,2;83;80;81;2;7,7;2,3;
2024/05/05;0600 UTC;0;908,7;908,8;908,6;;20,8;17,9;21,6;20,6;18,2;17,8;85;81;83;355;6;3,5;
2024/05/05;0700 UTC;0;908,7;908,8;908,6;;20,5;17,6;21;20,5;17,9;17,6;84;82;84;351;5,9;3,2;
2024/05/05;0800 UTC;0;908,2;908,8;908,1;;20,2;17,4;21,1;20,2;17,7;17,4;84;80;84;351;6,9;4,4;
2024/05/05;0900 UTC;0;908,8;908,8;908,2;;19,9;16,8;20,6;19,9;17,5;16,8;85;80;82;351;6,6;2,2;
2024/05/05;1000 UTC;0;909,4;909,4;908,8;;20,2;16,2;20,5;19,9;16,8;16,2;82;77;78;355;6,8;3,6;
2024/05/05;1100 UTC;0;910,4;910,4;909,4;82,2;20,5;16;20,5;20,1;16,2;16;78;75;75;351;5,9;3,4;
2024/05/05;1200 UTC;0;910,8;910,8;910,4;391,5;20,9;16;21;20,4;16,1;15,8;76;73;74;9;5,8;1,9;
2024/05/05;1300 UTC;0;911;911;910,8;901;21,7;16,4;21,7;20,8;16,8;16;76;71;72;353;6,3;3,6;
2024/05/05;1400 UTC;0;910,7;911;910,6;1071,5;23,5;16,2;23,5;21,5;17,2;16;74;63;63;347;10,4;5,5;
2024/05/05;1500 UTC;0;910,2;910,8;910,2;1694,4;24,9;17,5;24,9;23,2;17,5;16,2;68;62;64;340;10,5;4,6;
2024/05/05;1600 UTC;0;909,5;910,2;909,4;2670,3;25,9;16,7;26;24,9;17,7;16,5;64;56;57;335;11,1;5,6;
2024/05/05;1700 UTC;0;908,8;909,5;908,8;2534,1;26,8;16,7;26,8;25,8;17,7;16;58;53;54;336;11,1;4,6;
2024/05/05;1800 UTC;0;908,4;908,9;908,3;2197,7;26,5;15,5;26,9;26,4;17,2;15,5;56;51;51;331;11,5;5,1;
2024/05/05;1900 UTC;0;908,2;908,4;908,1;1649,8;26,4;16,1;26,7;26,3;16,3;15,4;53;51;53;339;11,5;4,2;
2024/05/05;2000 UTC;0;908,2;908,2;908;946;25,5;15,4;26,5;25,5;16,2;15,4;54;52;53;349;10,4;3,8;
2024/05/05;2100 UTC;0;908,6;908,6;908,2;210,2;24,1;15,9;25,6;24;16;15,3;61;53;60;346;7,9;2,9;
2024/05/05;2200 UTC;0;908,7;908,7;908,5;;24;15,8;24,2;23,8;16;15,7;61;60;60;349;4,8;2,8;
2024/05/05;2300 UTC;0;909;909;908,7;;23,7;15,7;24,1;23,7;15,9;15,7;62;60;61;359;4,6;1,8;
2024/05/06;0000 UTC;0;909,3;909,3;909;;23,5;16;24,1;23,5;16;15,7;63;60;63;39;4,3;1,7;
2024/05/06;0100 UTC;0;909,2;909,3;909,2;;23,1;15,8;23,5;22,7;16,3;15,7;67;63;63;35;5,1;2,4;
2024/05/06;0200 UTC;0;909,1;909,2;909,1;;22,9;14,8;23,2;22,6;15,8;14,8;63;60;60;24;5,9;2,2;
2024/05/06;0300 UTC;0;909,3;909,4;909,1;;22;14,5;22,9;22;14,8;14,5;63;60;62;26;6,6;1,9;
2024/05/06;0400 UTC;0;909;909,4;909;;21,3;14,1;22,1;21,3;14,6;14;64;62;63;34;6,2;2,3;
2024/05/06;0500 UTC;0;908,4;909;908,4;;21;14;21,4;20,9;14,3;14;65;63;64;29;8,6;1,9;
2024/05/06;0600 UTC;0;908,4;908,4;908,3;;20,8;14;21,1;20,6;14,1;13,9;66;64;65;15;8,1;3,2;
2024/05/06;0700 UTC;0;908,3;908,4;908,3;;20,3;13,5;20,8;20,2;14;13,5;67;64;65;7;7,2;3,4;
2024/05/06;0800 UTC;0;908,1;908,3;908,1;;20,4;13;20,5;20,1;13,5;13;65;62;62;6;9,4;3,9;
2024/05/06;0900 UTC;0;908;908,1;907,8;;19,6;13,4;20,6;19,6;13,4;12,8;68;62;68;357;10,2;4,3;
2024/05/06;1000 UTC;0;908,1;908,3;908;;19,5;13,5;19,7;19,4;13,7;13,5;69;67;68;12;10,2;3,3;
2024/05/06;1100 UTC;0;908,1;908,3;907,9;243,7;19,5;13,4;19,6;19,2;13,5;13,3;69;67;68;15;8,4;3,5;
2024/05/06;1200 UTC;0;908,1;908,2;907,8;976,4;20,9;13,4;20,9;19,5;13,6;13,1;68;62;62;9;10;4,1;
2024/05/06;1300 UTC;0;908,1;908,1;907,8;1693,3;22,2;13,8;22,3;20,9;13,9;13,4;63;58;59;352;11,7;5,7;
2024/05/06;1400 UTC;0;907,4;908,1;907,4;2261;23,1;13,6;23,2;22,2;14,2;13,3;59;54;55;350;13,7;7,9;
2024/05/06;1500 UTC;0;907,1;907,4;906,8;2613,8;24,1;13,9;24,2;23,1;14,2;13,2;55;52;53;345;15,1;7,8;
2024/05/06;1600 UTC;0;906,5;907,2;906,5;2710,2;25;13,7;25,4;24,1;15;13,7;54;49;49;337;13,5;6,3;
2024/05/06;1700 UTC;0;905,7;906,5;905,7;2595,1;25;13,1;25,6;24,9;14;12,6;50;46;48;345;13,2;7,4;
2024/05/06;1800 UTC;0;905,4;905,8;905,3;2236;25,4;12,7;25,8;25;13,7;12,5;49;44;45;338;13,8;6,1;
2024/05/06;1900 UTC;0;905,4;905,5;905,2;1683,5;25;13,1;25,4;25;13,9;12,3;49;44;47;341;11,7;5,8;
2024/05/06;2000 UTC;0;905,4;905,4;905,2;961;24,4;14,3;25,1;24,4;14,3;13,1;54;47;54;344;10,4;4,6;
2024/05/06;2100 UTC;0;905,7;905,8;905,4;212,9;23;14,7;24,4;22,9;14,8;14,2;60;53;60;353;8;3,2;
2024/05/06;2200 UTC;0;906;906;905,7;;23;14,3;23;22,3;14,7;14,2;61;58;58;352;6,1;3,7;
2024/05/06;2300 UTC;0;906,4;906,5;906;;22,7;14,3;23;22,3;14,3;14,1;60;58;59;1;5,4;2;
2024/05/07;0000 UTC;0;906,9;906,9;906,4;;22,6;14,5;22,8;22,4;14,5;14,2;60;59;60;14;6;2,8;
2024/05/07;0100 UTC;0;906,6;906,9;906,6;;22,5;14,5;22,9;22,2;14,7;14,4;62;59;60;1;7,9;3,8;
2024/05/07;0200 UTC;0;906,4;906,6;906,4;;21,6;14,9;22,5;21,5;14,9;14,4;66;60;66;3;10,1;4,8;
2024/05/07;0300 UTC;0;906,3;906,4;906,2;;21,2;15,1;21,6;21,1;15,1;14,9;68;66;68;352;10,6;6,2;
2024/05/07;0400 UTC;0;906;906,3;906;;20,7;15,2;21,3;20,7;15,3;15,1;71;68;71;358;10,6;4,4;
2024/05/07;0500 UTC;0;905,6;906;905,6;;20,4;15,4;20,9;20,4;15,5;15,2;73;70;73;359;10,8;3,9;
2024/05/07;0600 UTC;0;905,3;905,8;905,2;;19,9;15,4;20,4;19,8;15,5;15,3;76;73;75;349;8,9;4,6;
2024/05/07;0700 UTC;0;905,4;905,4;905,2;;20;15,3;20,2;19,8;15,5;15,3;76;74;74;352;9,6;3,6;
2024/05/07;0800 UTC;0;905,4;905,6;905,3;;19,7;15,3;20;19,5;15,4;15,2;76;74;75;355;7,6;3,8;
2024/05/07;0900 UTC;0;905,7;905,7;905,4;;19,4;15,2;19,8;19,4;15,3;15,2;77;75;77;352;8,2;4,6;
2024/05/07;1000 UTC;0;905,7;905,8;905,6;;19,4;15,3;19,6;19,3;15,3;15,2;77;76;77;349;10;5,8;
2024/05/07;1100 UTC;0;906,4;906,4;905,7;246,5;19,9;15,4;20;19,4;15,4;15,3;77;75;75;350;11;5,5;
2024/05/07;1200 UTC;0;907;907;906,4;981,4;21,2;15,8;21,2;19,9;16;15,4;75;71;71;348;10,3;5,6;
2024/05/07;1300 UTC;0;907,2;907,2;906,9;1684,6;21,8;16,1;22,1;21,2;16,4;15,7;72;68;70;343;10,8;6,5;
2024/05/07;1400 UTC;0;907,2;907,5;907,1;2222,1;23,6;16,8;23,7;21,8;17,1;16;71;65;66;341;10,8;5,5;
2024/05/07;1500 UTC;0;906,4;907,2;906,4;2561,7;24,6;16,3;25;23,5;17,4;16,2;66;59;60;344;14,2;7,3;
2024/05/07;1600 UTC;0;905,6;906,6;905,6;2685,4;25,1;16,6;25,3;24,5;17,3;16,3;62;59;59;341;13,6;7;
2024/05/07;1700 UTC;0;904,7;905,6;904,6;2579,7;25,6;16,8;25,7;25,1;17,1;16;60;57;58;345;15,2;6,7;
2024/05/07;1800 UTC;0;903,6;904,7;903,6;2147,3;25,7;15,6;26;25,2;16,6;15,2;58;52;54;342;14,2;7,9;
2024/05/07;1900 UTC;0;904;904;903,5;1569,1;25,3;15,9;25,9;25,1;16,3;15,3;57;52;56;344;14,9;5,3;
2024/05/07;2000 UTC;0;903,8;904,1;903,7;958,6;25;16,1;25,7;25;16,4;15,6;58;55;58;346;10,9;4,6;
2024/05/07;2100 UTC;0;904;904;903,7;216,5;23,8;16,6;25;23,7;16,6;16;64;58;64;351;8,7;4;
2024/05/07;2200 UTC;0;904,2;904,2;904;;23;16,8;23,8;23;16,8;16,5;68;64;68;359;6,3;2,6;
2024/05/07;2300 UTC;0;904,4;904,4;904,1;;22,8;16,1;23,2;22,6;16,9;16,1;69;66;66;6;6,5;2,4;
2024/05/08;0000 UTC;0;904,6;904,7;904,3;;22,5;15,5;22,9;22,4;16,1;15,5;66;65;65;13;6,7;2,8;
2024/05/08;0100 UTC;0;904,6;904,7;904,5;;22,2;15,4;22,5;22,1;15,6;15,4;66;65;66;16;7,8;2,8;
2024/05/08;0200 UTC;0;904,8;904,9;904,6;;21,4;15,4;22,2;21,4;15,5;15,4;69;66;69;15;7,4;2,8;
2024/05/08;0300 UTC;0;904,8;905;904,7;;21,1;15,5;21,6;21,1;15,6;15,4;71;68;70;13;8;2,9;
2024/05/08;0400 UTC;0;904,9;904,9;904,6;;21,3;15,6;21,4;21;15,7;15,5;71;70;70;7;8,8;3,9;
2024/05/08;0500 UTC;0;904,9;905;904,8;;20,9;15,6;21,3;20,8;15,7;15,5;72;70;71;7;8,1;3,3;
2024/05/08;0600 UTC;0;904,7;905;904,7;;20,5;15,6;21;20,5;15,7;15,6;73;71;73;12;7,9;3,4;
2024/05/08;0700 UTC;0;904;904,8;903,8;;20,7;16;20,8;20,5;16;15,6;74;73;74;357;11;4,9;
2024/05/08;0800 UTC;0;904,2;904,3;903,9;;20,3;16;20,8;20,3;16,1;15,9;76;74;76;354;10,5;3,6;
2024/05/08;0900 UTC;0;903,9;904,2;903,8;;20;16;20,3;20;16,1;16;78;76;78;348;10;4,6;
2024/05/08;1000 UTC;0;904,3;904,3;903,8;;19,3;16;20,1;19,3;16,1;16;81;78;81;349;10,3;5,7;
2024/05/08;1100 UTC;0;905,3;905,3;904,2;143,5;19,9;16,3;20,1;19,3;16,4;16;81;79;80;347;10;4,8;
2024/05/08;1200 UTC;0;905,6;905,6;905,2;885,4;20,4;16,8;20,7;19,9;16,9;16,3;81;77;80;341;9;4,8;
2024/05/08;1300 UTC;0;905,5;905,7;905,3;1564,6;22,6;17,6;22,6;20,4;17,8;16,8;81;73;73;336;13,5;6,4;
2024/05/08;1400 UTC;0;906,2;906,2;905,4;1994,4;23,6;17,9;23,8;22,2;18,3;17,2;74;69;70;323;13,7;7,8;
2024/05/08;1500 UTC;0;906,7;906,8;906,2;2057,9;25,1;18,3;25,1;23,6;18,7;17,5;71;66;66;318;13,7;6,9;
2024/05/08;1600 UTC;0;906,4;906,7;906;2476;25,7;17,6;26,1;24,7;18,4;16,6;66;58;61;314;14,6;7,8;
2024/05/08;1700 UTC;0;905,1;906,4;905;2159,5;25,7;16,9;26,2;25;17,8;16,4;62;56;58;327;14,5;8,3;
2024/05/08;1800 UTC;0;905,3;905,8;905,1;2070,7;26,1;16,1;26,2;25,4;17,3;16,1;59;54;54;316;15,9;7,1;
2024/05/08;1900 UTC;0;905,6;905,6;904,7;1629,6;26;15,4;26,4;25,9;16;14,9;54;50;52;314;16,4;6;
2024/05/08;2000 UTC;0;905,9;905,9;905,5;598,5;24,5;15,6;26;24,5;15,8;15;58;51;58;317;12,6;6,8;
2024/05/08;2100 UTC;0;906,3;906,3;905,9;134,2;23,5;15,5;24,5;23,4;16;15,4;61;58;61;319;11,4;4,8;
2024/05/08;2200 UTC;0;906,6;906,7;906,3;;23,2;15,7;23,5;23,1;15,7;15,4;63;61;63;320;8,8;4,8;
2024/05/08;2300 UTC;0;906,9;906,9;906,5;;23,5;16,2;23,5;23,2;16,2;15,7;64;62;64;317;9,4;5,7;
2024/05/09;0000 UTC;,4;908,5;908,5;906,8;;19,1;18,3;23,7;19,1;18,3;16,2;95;63;95;193;10,7;3,4;
2024/05/09;0100 UTC;11,2;909,3;909,3;908,5;;19,2;18,7;19,3;19,1;18,8;18,4;97;95;97;199;6,5;2,9;
2024/05/09;0200 UTC;4,2;909,5;910,1;909,1;,3;17,8;17,2;19,2;17,6;18,7;17,1;97;96;96;170;9,9;2,3;
2024/05/09;0300 UTC;0;909,9;910;907,4;;18,3;17,8;18,4;17,8;17,8;17,1;97;96;97;199;5,8;3,5;
2024/05/09;0400 UTC;0;909,5;909,9;909,1;;18;17,5;18,3;18;17,7;17,5;97;97;97;171;6;2,9;
2024/05/09;0500 UTC;0;909,2;909,6;909,1;;17,6;17,1;18;17,6;17,5;17,1;97;97;97;154;6,6;1,2;
2024/05/09;0600 UTC;0;908,7;909,2;908,6;;17,7;17,2;17,7;17,5;17,3;17,1;97;97;97;133;3,6;,3;
2024/05/09;0700 UTC;0;909;909;908,4;1,4;17,1;16,6;17,7;17;17,2;16,6;97;97;97;192;4,4;2;
2024/05/09;0800 UTC;0;908,7;909,4;908,4;1,4;16,4;16;17,1;16,4;16,7;16;98;97;98;188;6;1,5;
2024/05/09;0900 UTC;0;908,8;908,9;908;,4;15,7;15,3;16,6;15,6;16,2;15,3;98;98;98;161;4,7;1,6;
2024/05/09;1000 UTC;0;910,1;910,1;908,6;,5;15;14,6;15,8;15;15,5;14,6;98;98;98;218;5;2,5;
2024/05/09;1100 UTC;,2;909,9;910,1;909,1;43,1;15,1;14,7;15,3;14,8;14,9;14,5;98;98;98;154;4,6;0;
2024/05/09;1200 UTC;0;910,3;910,6;909,9;203;15,5;15,2;15,5;14,9;15,2;14,6;98;98;98;145;3,7;,1;
2024/05/09;1300 UTC;0;911;911;910,3;413,6;15,6;15,3;15,7;15,3;15,4;15;98;98;98;162;3;,8;
2024/05/09;1400 UTC;0;910,9;911;910,7;694,1;16,2;15,9;17;15,5;16,6;15,2;98;98;98;138;2,3;0;
2024/05/09;1500 UTC;0;910,7;911,2;910,7;483,3;16,5;16,2;16,8;16;16,4;15,7;98;98;98;185;0;0;
2024/05/09;1600 UTC;0;909,9;910,7;909,9;602,5;16,9;16,5;17,2;16,5;16,8;16,3;98;98;98;141;0;0;
2024/05/09;1700 UTC;,2;909,5;910;909,3;934,1;18,1;17,7;18,2;16,7;17,8;16,3;98;98;98;101;2,1;0;
2024/05/09;1800 UTC;0;909;909,5;908,9;768,2;17,5;17,1;18,2;17,5;17,8;17,1;98;98;98;64;0;0;
2024/05/09;1900 UTC;,2;908,4;909,1;908,4;360;17,7;17,3;17,8;17,3;17,3;17;98;98;98;111;0;0;
2024/05/09;2000 UTC;,6;908,4;908,5;908,3;183,5;17,2;16,8;17,7;17,1;17,3;16,8;98;98;98;78;0;0;
2024/05/09;2100 UTC;0;908,5;908,6;908,3;47,9;17,3;16,9;17,3;17,1;16,9;16,7;98;98;98;1;,9;0;
2024/05/09;2200 UTC;,8;908,8;908,8;908,5;;17,8;17,4;18,2;17,1;17,8;16,8;98;98;98;328;3,3;1,9;
2024/05/09;2300 UTC;,2;909,3;909,3;908,8;;18,6;18,2;18,8;17,7;18,4;17,4;98;98;98;345;3,1;,6;
2024/05/10;0000 UTC;0;909,5;909,5;909,3;;18,9;18,5;19,1;18,6;18,6;18,2;98;97;97;357;2,6;,3;
2024/05/10;0100 UTC;,2;909,1;909,5;909;;18,5;18,1;18,9;18,4;18,5;18;97;97;97;23;2,8;0;
2024/05/10;0200 UTC;,4;908,8;909,1;908,8;;18,7;18,3;18,7;18,5;18,3;18,1;97;97;97;355;3,7;2,5;
2024/05/10;0300 UTC;,2;908,6;908,8;908,6;;19,2;17,9;19,3;18,7;18,5;17,9;97;92;92;354;5;2,8;
2024/05/10;0400 UTC;0;908,3;908,6;908,3;,5;19,5;17,8;19,7;19,2;18,1;17,7;93;89;90;357;4,4;2,4;
2024/05/10;0500 UTC;0;907,9;908,3;907,9;;19,4;17,8;19,6;19,3;17,8;17,5;90;89;90;7;5,7;2,7;
2024/05/10;0600 UTC;0;907,4;907,9;907,4;,1;19,5;17,9;19,6;19,3;18;17,7;92;90;91;357;5,4;3;
2024/05/10;0700 UTC;0;907,3;907,6;907,3;;19,4;17,7;19,8;19,3;17,9;17,6;91;88;90;5;5,2;2,4;
2024/05/10;0800 UTC;0;907,2;907,4;907,2;;19,7;17,5;20;19,4;17,8;17,5;90;86;87;12;6;2,7;
2024/05/10;0900 UTC;0;907;907,2;906,8;;20;17,7;20,1;19,4;17,8;17,5;89;86;87;354;8,4;3,2;
2024/05/10;1000 UTC;0;907,5;907,5;906,9;;19,8;17,7;20,2;19,8;17,8;17,6;88;86;88;346;5,8;3,5;
2024/05/10;1100 UTC;0;908,4;908,4;907,5;101,2;19,9;17,9;20,1;19,7;17,9;17,7;88;87;88;350;6,6;3,5;
2024/05/10;1200 UTC;0;908,3;908,5;908,3;562,3;20,8;18;20,8;19,8;18,1;17,9;89;84;84;354;6,8;3,5;
2024/05/10;1300 UTC;0;908,5;908,6;908,3;1518,2;22,1;17,8;22,4;20,8;18,5;17,7;84;75;76;350;8,3;4,3;
2024/05/10;1400 UTC;0;908,3;908,7;908,3;1954,5;23;18,1;23;22,1;18,4;17,4;78;73;74;343;10,7;4,3;
2024/05/10;1500 UTC;0;907,8;908,3;907,7;2122,6;23;17,5;23,9;22,8;18,7;17,3;75;69;71;339;10,4;5,1;
2024/05/10;1600 UTC;0;907,5;907,9;907,4;1181,2;23,3;17,9;23,3;22,9;18,4;17,5;75;71;72;322;11,5;4,9;
2024/05/10;1700 UTC;0;906,5;907,5;906,5;1552,1;23,9;17,8;24,4;23,1;18,9;17,7;73;68;69;331;10,2;5,1;
2024/05/10;1800 UTC;0;906,4;906,7;906,2;1184,7;23,8;18,3;24,5;23,8;18,4;17,6;72;68;71;317;10,2;3,4;
2024/05/10;1900 UTC;0;906;906,4;905,9;766,7;23,5;17,4;23,9;23,3;18,7;17,3;73;68;68;316;8,6;5;
2024/05/10;2000 UTC;0;906,1;906,2;905,9;522,1;22,7;17,4;23,6;22,7;17,6;17,1;72;68;72;315;8,7;4,6;
2024/05/10;2100 UTC;0;906,4;906,5;906,1;90,5;22,2;17,4;22,9;22,1;17,4;17,2;74;71;74;311;8,4;4,1;
2024/05/10;2200 UTC;0;906,4;906,5;906,3;;22,2;17,4;22,4;22;17,5;17,3;75;73;74;316;7,3;5,4;
2024/05/10;2300 UTC;0;906,8;906,8;906,4;;22,2;17,4;22,3;22;17,5;17,3;75;73;74;318;7,3;3,8;
2024/05/11;0000 UTC;0;907,5;907,5;906,8;;22,1;17,5;22,2;21,9;17,5;17,4;76;74;75;305;6,4;2,2;
2024/05/11;0100 UTC;0;907,4;907,6;907,3;;21,9;17,5;22,1;21,9;17,5;17,4;76;75;76;320;4,8;3;
2024/05/11;0200 UTC;0;907,6;907,8;907,4;;21,2;17,3;22;20,9;17,7;17,2;81;75;79;322;6,5;2,7;
2024/05/11;0300 UTC;0;907,8;907,8;907,5;;21,8;17,1;22;21,1;17,5;17,1;79;74;75;321;5,7;2,8;
2024/05/11;0400 UTC;0;908;908;907,7;;21,6;16,8;21,9;21,5;17,1;16,8;75;73;74;318;4,9;2,8;
2024/05/11;0500 UTC;0;907,6;908;907,6;;20,9;16,7;21,8;20,8;17;16,7;77;73;77;322;4,9;1,8;
2024/05/11;0600 UTC;0;907,1;907,6;907,1;;20,9;16,3;21,1;20,6;16,8;16,3;78;75;75;338;3,6;1,8;
2024/05/11;0700 UTC;0;906,6;907,1;906,6;;21;16,4;21;20,6;16,4;16,2;76;75;75;333;3,9;1,9;
2024/05/11;0800 UTC;0;906,1;906,7;906,1;;20,2;16,4;21;20,2;16,6;16,4;79;75;79;349;4,5;2,9;
2024/05/11;0900 UTC;0;906,1;906,2;906;;19,9;16,5;20,3;19,8;16,6;16,4;81;79;81;339;4,6;3;
2024/05/11;1000 UTC;0;906,6;906,6;906,1;;19,9;16,4;20,1;19,8;16,6;16,4;81;80;81;333;6,1;3,2;
2024/05/11;1100 UTC;0;907;907;906,6;132,9;20,2;16,6;20,3;19,8;16,7;16,5;81;79;80;342;6,1;3;
2024/05/11;1200 UTC;0;907,4;907,4;907;414,7;20,5;16,8;20,6;20,2;17;16,6;81;79;79;337;5,9;3,3;
2024/05/11;1300 UTC;0;907,2;907,5;907,2;1302,6;22,1;16,9;22,1;20,5;17,5;16,8;80;72;72;345;7,8;4,6;
2024/05/11;1400 UTC;0;907,4;907,5;907,2;1893,4;23,5;16,6;23,7;22;17,6;16,5;74;65;65;327;10,3;5,2;
2024/05/11;1500 UTC;0;906,7;907,4;906,6;1826,8;23,7;16,8;24,8;23,1;17,9;16,4;68;63;65;329;12,3;5,7;
2024/05/11;1600 UTC;0;906,3;906,7;906,2;1696,4;24,1;17,5;25,2;23,7;18,1;16,9;67;62;67;327;12,3;5,2;
2024/05/11;1700 UTC;0;905,3;906,3;905,3;1469,9;24,6;17;25,1;23,8;18,2;16,9;68;61;63;315;11,7;7,1;
2024/05/11;1800 UTC;0;905,1;905,3;905;1966,4;25,1;17,7;25,5;24,4;18,1;16,8;64;59;64;313;13,1;4,7;
2024/05/11;1900 UTC;0;905;905,1;904,9;1043,3;24,2;17,6;25,1;24,2;18,4;17,3;68;63;67;307;9;4,1;
2024/05/11;2000 UTC;0;905;905,1;904,8;489,2;23,4;17,8;24,4;23,3;18;17,7;71;67;71;299;7,2;3,2;
2024/05/11;2100 UTC;0;905,2;905,3;905;115,7;22,5;17,7;23,4;22,5;17,9;17,7;74;70;74;285;6,1;2,4;
2024/05/11;2200 UTC;0;905,3;905,5;905,2;;22,1;17,8;22,6;22;18,4;17,8;79;74;77;289;4,9;2,2;
2024/05/11;2300 UTC;0;905,6;905,6;905,2;;22,5;17,3;22,8;22,1;17,9;17,2;77;71;72;292;6;2,7;
2024/05/12;0000 UTC;0;905,9;906;905,5;;22,5;17,4;22,6;22,3;17,4;17,2;74;72;73;289;5,7;3,6;
2024/05/12;0100 UTC;0;905,8;906;905,8;;22,7;17,4;22,8;22,4;17,4;17,2;73;71;72;296;6,5;3,4;
2024/05/12;0200 UTC;0;905,7;905,8;905,6;;22;17,5;22,8;22;17,6;17,3;76;72;75;303;5,7;2,5;
2024/05/12;0300 UTC;0;905,2;905,7;905,2;;20,7;17,6;22,1;20,7;17,7;17,4;83;75;83;337;4,2;1,9;
2024/05/12;0400 UTC;0;904,9;905,2;904,9;;20,4;17,3;20,8;20,3;17,7;17,2;83;81;82;348;4,3;2,6;
2024/05/12;0500 UTC;0;904,2;904,9;904,2;;20,2;16,9;20,7;20,2;17,4;16,9;82;81;81;358;5,4;2,9;
2024/05/12;0600 UTC;0;903,8;904,2;903,8;;19,4;16,3;20,2;19,3;16,9;16,1;83;81;82;337;6,1;,3;
2024/05/12;0700 UTC;0;903,4;903,8;903,4;;19,4;15,5;19,8;19,3;16,3;15,5;82;78;78;341;5,7;2,9;
2024/05/12;0800 UTC;0;903,1;903,4;903;;19,6;15,1;19,9;19,4;15,5;15,1;78;74;76;332;7,9;4,2;
2024/05/12;0900 UTC;0;903,2;903,3;903;;19,2;15,2;19,6;19;15,3;15,1;79;76;78;326;8,4;4,7;
2024/05/12;1000 UTC;0;903,1;903,3;903;;19,3;15;19,3;19,1;15,2;14,9;78;76;76;328;11;6,3;
2024/05/12;1100 UTC;0;903;903,3;902,9;79,2;19,3;14,9;19,5;19,2;15;14,7;76;74;75;333;14,3;7,6;
2024/05/12;1200 UTC;0;903,9;903,9;902,7;727,7;20,1;15,3;20,1;19,2;15,4;14,8;76;74;74;332;14,3;5,7;
2024/05/12;1300 UTC;0;904,8;904,8;903,9;1544,2;21,2;15,9;21,4;20,1;16;15,2;74;69;72;317;11,9;6,5;
2024/05/12;1400 UTC;0;904,5;904,9;904,5;2073,1;23,5;17;23,5;21,2;17,1;15,9;72;67;67;318;11,5;6,2;
2024/05/12;1500 UTC;0;904;904,5;903,8;2432,3;24,5;16,2;24,8;23,2;17,1;15,9;67;59;60;313;19,1;8,6;
2024/05/12;1600 UTC;0;903,6;904;903,5;2453,4;24,7;16;24,9;24,3;16,8;15,5;62;57;58;310;19,1;8,1;
2024/05/12;1700 UTC;0;903;903,6;903;2338;24,8;16,2;25,2;24,5;16,7;15,7;60;57;59;310;14,8;8,5;
2024/05/12;1800 UTC;0;903;903,1;902,8;1796;24,7;16,7;25,4;24,2;17;15,9;61;57;61;310;13,7;5,7;
2024/05/12;1900 UTC;0;903,1;903,2;903;1163,5;24,3;16,7;25,2;23,9;17,3;16,3;64;60;63;309;11,6;6,5;
2024/05/12;2000 UTC;0;903,1;903,2;903;862,1;23,5;16,9;24,4;23,5;17,1;16,7;67;62;67;312;12;5,4;
2024/05/12;2100 UTC;0;903;903,1;903;151,1;22,2;17,2;23,5;22,1;17,2;16,9;74;67;73;315;10,1;4,6;
2024/05/12;2200 UTC;0;903,2;903,3;902,9;;21,8;17,4;22,3;21,4;17,4;17,1;77;73;76;305;8,9;3,9;
2024/05/12;2300 UTC;0;903,5;903,5;903;;22,3;17,4;22,4;21,3;17,6;17,3;78;74;74;299;9,7;4,9;
2024/05/13;0000 UTC;0;903,9;903,9;903,5;;21,8;18;22,6;21,8;18;17,4;79;73;79;299;9,7;3,1;
2024/05/13;0100 UTC;0;904;904,1;903,9;;21,4;18,6;21,9;21,4;18,6;18;84;79;84;282;7,1;3,4;
2024/05/13;0200 UTC;0;903,7;904,1;903,7;;21,1;18,6;21,4;21;18,7;18,5;86;84;86;290;6,1;3,2;
2024/05/13;0300 UTC;0;903,8;904;903,8;;20,7;18,6;21,1;20,6;18,7;18,5;88;86;88;284;8,2;4;
2024/05/13;0400 UTC;0;903,9;903,9;903,7;;20,2;18,6;20,7;20,2;18,6;18,6;90;88;90;276;9,4;5,1;
2024/05/13;0500 UTC;0;903,9;904;903,9;;19,6;18,6;20,2;19,6;18,6;18,5;93;90;93;282;9,4;2,5;
2024/05/13;0600 UTC;,2;903,7;903,9;903,6;;19,1;18,2;19,6;19,1;18,6;18,2;94;93;94;285;7,2;3,9;
2024/05/13;0700 UTC;2;904;904,1;903,6;;18,4;17,7;19,1;18,4;18,2;17,7;96;94;96;265;7;4,2;
2024/05/13;0800 UTC;1,4;904,2;904,3;903,9;0;17,4;16,8;18,4;17,4;17,7;16,8;96;95;96;257;9,7;2,1;
2024/05/13;0900 UTC;3,4;904,8;905;904,2;1,2;15,9;15,4;17,4;15,9;16,8;15,4;97;96;97;200;6;3,5;
2024/05/13;1000 UTC;2,4;905,7;905,8;904,8;1,1;14,9;14,5;15,8;14,8;15,3;14,5;98;97;98;202;6,2;3,4;
2024/05/13;1100 UTC;,8;906,2;906,5;905,6;18,6;14,8;14,5;14,9;14,7;14,6;14,4;98;98;98;191;5,4;1,7;
2024/05/13;1200 UTC;,2;906,3;906,4;906;59,6;14,9;14,6;14,9;14,7;14,6;14,3;98;98;98;151;4,3;,3;
2024/05/13;1300 UTC;2;906,8;907;906,3;168,7;14,8;14,5;15;14,7;14,7;14,4;98;98;98;176;4;0;
2024/05/13;1400 UTC;,8;906,5;907,3;906,5;176,8;15;14,7;15,1;14,7;14,8;14,4;98;98;98;168;2,9;,8;
2024/05/13;1500 UTC;1,2;906,3;907;906,3;204,5;15,1;14,8;15,4;14,9;15,1;14,6;98;98;98;177;4,9;0;
2024/05/13;1600 UTC;1,2;905,7;906,3;905,7;209;15,1;14,8;15,4;15,1;15,1;14,7;98;98;98;140;0;0;
2024/05/13;1700 UTC;1,2;905,5;905,7;905,3;189,8;14,8;14,5;15,3;14,7;15;14,5;98;98;98;227;3,1;,3;
2024/05/13;1800 UTC;1,8;905,5;905,6;905,3;150,5;14,4;14,1;14,8;14,3;14,5;14;98;98;98;201;5,3;2,9;
2024/05/13;1900 UTC;,6;905,3;905,6;905,3;152,7;14,6;14,3;14,6;14,3;14,3;14;98;98;98;159;5,1;,9;
2024/05/13;2000 UTC;1,6;906,1;906,1;905,3;70,1;14,4;14,1;14,7;14,3;14,4;14;98;98;98;195;5,4;2,1;
2024/05/13;2100 UTC;,6;906,5;906,5;906,1;27,3;14,2;13,9;14,4;14,1;14,1;13,8;98;98;98;196;5,5;2,4;
2024/05/13;2200 UTC;,6;906,9;906,9;906,4;,2;13,8;13,5;14,3;13,8;14;13,5;98;98;98;183;6;3,2;
2024/05/13;2300 UTC;,4;907,3;907,3;906,9;,2;13,6;13,3;13,9;13,6;13,6;13,3;98;98;98;177;6;2,4;
2024/05/14;0000 UTC;,6;908;908;907,2;;13,3;13,1;13,7;13,3;13,4;13;98;98;98;161;5;1,5;
2024/05/14;0100 UTC;,4;908,3;908,4;908;,1;12,9;12,7;13,3;12,9;13;12,7;98;98;98;178;5,9;2,3;
2024/05/14;0200 UTC;,4;908,4;908,4;908,2;;12,9;12,6;13;12,9;12,7;12,6;98;98;98;172;5,5;2,5;
2024/05/14;0300 UTC;,2;908,3;908,5;908,2;,9;12,6;12,3;13;12,6;12,7;12,3;98;98;98;174;7,1;2,6;
2024/05/14;0400 UTC;0;907,9;908,4;907,9;;12,5;12,3;12,6;12,5;12,3;12,2;98;98;98;155;7,1;1,7;
2024/05/14;0500 UTC;,4;908,1;908,1;907,9;;12,1;11,9;12,6;12,1;12,3;11,8;98;98;98;137;5,8;1,1;
2024/05/14;0600 UTC;,4;908,1;908,1;907,9;;11,7;11,4;12,1;11,7;11,9;11,4;99;98;99;160;5,4;2,3;
2024/05/14;0700 UTC;,2;908,3;908,3;908,1;;11,5;11,3;11,8;11,5;11,5;11,3;99;99;99;153;5,4;1,4;
2024/05/14;0800 UTC;,2;908,8;908,8;908,1;;11,2;11;11,5;11,2;11,3;11;99;99;99;165;5,8;2,8;
2024/05/14;0900 UTC;0;908,7;908,9;908,4;;11;10,8;11,3;11;11,1;10,7;99;99;99;154;5,9;2,2;
2024/05/14;1000 UTC;0;909,4;909,4;908,7;;11;10,8;11;10,9;10,8;10,7;99;99;99;135;5,1;1,6;
2024/05/14;1100 UTC;,2;910,5;910,5;909,4;40,5;10,9;10,7;11;10,7;10,7;10,5;99;99;99;144;4,8;1,3;
2024/05/14;1200 UTC;0;910,9;910,9;910,4;146,9;11,1;10,9;11,1;10,7;10,9;10,5;99;99;99;135;5,2;,5;
2024/05/14;1300 UTC;0;911,4;911,4;910,7;338,4;11;10,8;11,4;10,8;11,2;10,6;99;99;99;145;4,5;,8;
2024/05/14;1400 UTC;0;911,6;911,6;911,3;382,4;10,8;10,6;11,1;10,6;10,9;10,4;99;99;99;141;5,2;1,5;
2024/05/14;1500 UTC;0;911,4;911,6;911,4;487,8;11,1;10,9;11,1;10,5;10,9;10,3;99;99;99;156;5,3;1,7;
2024/05/14;1600 UTC;0;910,9;911,4;910,9;552,8;11,2;10,9;11,5;10,6;11,3;10,4;99;99;99;156;5,1;,7;
2024/05/14;1700 UTC;0;910,6;910,9;910,5;453,5;10,6;10,4;11,2;10,5;10,9;10,3;99;99;99;162;5,4;2,7;
2024/05/14;1800 UTC;0;910,2;910,7;910,1;641,6;11,6;11,4;12,1;10,5;11,8;10,3;99;99;99;154;5,9;1,8;
2024/05/14;1900 UTC;0;910;910,2;910;539;11,1;10,8;12,3;11;12;10,8;99;99;99;170;6,5;2,4;
2024/05/14;2000 UTC;0;910,3;910,4;910;169;11;10,8;11,1;10,9;10,9;10,6;99;99;99;141;5,8;1;
2024/05/14;2100 UTC;0;910,3;910,4;910,2;39,3;10,5;10,3;11;10,5;10,8;10,3;99;99;99;162;4,5;1,7;
2024/05/14;2200 UTC;0;910,4;910,5;910,2;,1;10,4;10,2;10,5;10,4;10,3;10,2;99;99;99;161;4,8;1,5;
2024/05/14;2300 UTC;0;910,9;910,9;910,4;;9,8;9,6;10,4;9,8;10,2;9,6;99;99;99;167;5,8;2,1;
2024/05/15;0000 UTC;0;911;911;910,8;;9,4;9,2;9,8;9,4;9,6;9,2;99;99;99;164;5,5;2;
2024/05/15;0100 UTC;0;910,7;911;910,7;;8,9;8,8;9,4;8,9;9,2;8,8;99;99;99;163;4,6;1,4;
2024/05/15;0200 UTC;0;910,6;910,8;910,6;;8,1;8;9;8,1;8,8;8;99;99;99;163;4;1,8;
2024/05/15;0300 UTC;0;911;911,1;910,6;;8,2;8;8,3;8,1;8,1;7,9;99;99;99;164;4,6;2;
2024/05/15;0400 UTC;0;910,8;911,2;910,8;;8,5;8,3;8,5;8,2;8,3;8;99;99;99;152;3,7;1,1;
2024/05/15;0500 UTC;0;910,6;910,8;910,6;;8,6;8,4;8,6;8,4;8,5;8,2;99;99;99;134;3,3;,4;
2024/05/15;0600 UTC;0;910,1;910,7;910;;8,3;8,1;8,6;8,2;8,4;8,1;99;99;99;135;3,8;,3;
2024/05/15;0700 UTC;0;910,1;910,3;910;;8;7,8;8,4;7,9;8,2;7,8;99;99;99;138;3;,6;
2024/05/15;0800 UTC;0;910;910,3;910;;7,8;7,6;8,1;7,8;7,9;7,6;99;99;99;129;4;,8;
2024/05/15;0900 UTC;0;910,3;910,5;910;;7,6;7,4;7,8;7,5;7,6;7,3;99;99;99;125;3,5;,1;
2024/05/15;1000 UTC;0;910,1;910,5;909,9;;7,5;7,4;7,7;7,5;7,5;7,3;99;99;99;105;2,7;,9;
2024/05/15;1100 UTC;,2;910,7;911;910,1;99,7;7,8;7,6;7,9;7,4;7,7;7,2;99;99;99;101;2,8;,8;
2024/05/15;1200 UTC;0;910,4;910,8;910,2;522,1;9;8,8;9;7,8;8,8;7,7;99;99;99;96;2,8;,1;
2024/05/15;1300 UTC;0;910,7;910,7;910,2;1030;10,4;10,3;10,5;8,9;10,3;8,7;99;99;99;358;2,2;0;
2024/05/15;1400 UTC;0;910,5;910,9;910,5;1546,4;13,1;12,9;13,3;10,1;13,1;9,9;99;98;98;358;2,8;1,1;
2024/05/15;1500 UTC;0;910,1;910,5;910,1;1722;15,2;12,9;15,6;13,1;14,1;12,9;98;86;86;14;2,8;,3;
2024/05/15;1600 UTC;0;909,7;910,2;909,7;1637,2;15,9;13,3;16,4;15,1;13,8;12,4;88;82;85;63;2,6;,2;
2024/05/15;1700 UTC;0;909;909,8;909;1489,4;16,2;12,7;17;15,7;13,9;12,6;85;79;79;24;3,7;,7;
2024/05/15;1800 UTC;0;908,8;909,1;908,7;1126,4;17;13,8;17,3;16,2;13,9;12,6;82;78;81;19;3,8;,3;
2024/05/15;1900 UTC;0;908,6;908,9;908,5;938,8;17;13;17,6;16,5;14;12,9;82;77;78;349;4,6;1;
2024/05/15;2000 UTC;0;908,2;908,6;908,2;437,3;15,7;13,1;17;15,7;13,3;12,9;85;77;85;350;4,4;1,6;
2024/05/15;2100 UTC;0;908,2;908,3;908,1;65,4;15,1;13,2;15,7;15,1;13,3;13,1;88;85;88;346;3,3;1,7;
2024/05/15;2200 UTC;0;908;908,4;908;;14,9;13,3;15,2;14,8;13,3;13,1;90;88;90;359;3,5;1,8;
2024/05/15;2300 UTC;0;908,2;908,3;908;;14,9;13,5;14,9;14,8;13,5;13,2;91;90;91;351;4,4;2,4;
2024/05/16;0000 UTC;0;908,3;908,3;908,1;;14,9;13,6;15;14,8;13,7;13,5;92;91;92;356;5,1;2;
2024/05/16;0100 UTC;0;908,4;908,6;908,3;;14,9;13,9;15,1;14,9;13,9;13,6;94;92;94;355;4,8;2;
2024/05/16;0200 UTC;0;908;908,4;907,9;;15;14,2;15;14,9;14,2;13,9;95;94;95;352;6,2;3,4;
2024/05/16;0300 UTC;0;907,7;908,1;907,7;;15;14,4;15;14,9;14,4;14,1;96;95;96;355;6,8;3,8;
2024/05/16;0400 UTC;0;907,4;907,7;907,4;;14,9;14,4;15;14,9;14,4;14,3;96;96;96;360;6,3;3,6;
2024/05/16;0500 UTC;0;907,1;907,4;907;;15,1;14,5;15,1;14,9;14,5;14,4;96;96;96;6;6,7;3,3;
2024/05/16;0600 UTC;0;906,7;907,1;906,7;;15,1;14,4;15,1;15;14,5;14,4;96;96;96;354;7,8;3,9;
2024/05/16;0700 UTC;0;906,3;906,7;906,3;;15,1;14,4;15,2;15,1;14,5;14,4;96;95;96;351;7;4,6;
2024/05/16;0800 UTC;0;906,2;906,4;906,2;;15,1;14,4;15,2;15,1;14,5;14,4;96;95;96;353;7,3;5,1;
2024/05/16;0900 UTC;0;906,4;906,4;906,1;;15,4;14,4;15,4;15,1;14,5;14,3;96;94;94;346;8,6;4,7;
2024/05/16;1000 UTC;0;907,1;907,1;906,3;;15,3;14,6;15,4;15,3;14,6;14,4;96;94;96;345;8;4,5;
2024/05/16;1100 UTC;0;907,8;907,8;907,1;50,6;15,5;14,8;15,6;15,3;14,8;14,6;96;95;96;346;7;4,6;
2024/05/16;1200 UTC;0;908,3;908,3;907,4;214,3;15,9;15,1;15,9;15,5;15,2;14,8;96;95;95;344;8,4;4,1;
2024/05/16;1300 UTC;0;908,3;908,5;907,2;438,4;16,4;15,4;16,4;15,9;15,5;15,1;95;94;94;352;10,1;4,2;
2024/05/16;1400 UTC;0;907,9;908,5;907,8;654,9;17,1;15,6;17,1;16,4;15,7;15,4;94;91;91;346;9,1;5,3;
2024/05/16;1500 UTC;0;907,4;907,9;907;574,7;17,1;15,9;17,2;16,9;15,9;15,5;93;91;92;337;9,8;4,2;
2024/05/16;1600 UTC;0;906;907,6;906;967,9;19,1;16,6;19,2;17,1;17,1;15,9;93;85;85;346;10,2;5,5;
2024/05/16;1700 UTC;0;906,2;906,6;906;838,8;19,9;16,4;20;19;16,7;16,3;85;80;80;318;10,5;5,2;
2024/05/16;1800 UTC;0;905,8;906,4;905,8;975,3;20,6;16,8;20,7;19,8;17;16,3;81;78;79;320;10,2;3,2;
2024/05/16;1900 UTC;0;905,7;905,8;905,5;325,2;19,5;15,5;20,6;19,5;16,9;15,3;80;75;77;322;10,7;4,9;
2024/05/16;2000 UTC;0;906;906,1;905,6;199,7;19,1;15,7;19,6;19,1;15,7;15,5;81;77;81;315;10;4,7;
2024/05/16;2100 UTC;0;906,2;906,2;906;30,6;18,7;16;19,1;18,6;16,1;15,7;85;81;84;319;8;3,4;
2024/05/16;2200 UTC;0;906,3;906,3;906,1;;18,6;16,1;18,8;18,5;16,1;16;85;84;85;320;5,9;3;
2024/05/16;2300 UTC;0;906,7;906,7;906,1;;18,5;16,1;18,7;18,4;16,2;16,1;86;85;86;316;6,4;4;
2024/05/17;0000 UTC;0;907,3;907,3;906,6;;18,1;16,1;18,5;18,1;16,2;16,1;88;86;88;319;6,2;3,4;
2024/05/17;0100 UTC;0;907,1;907,3;906,9;;18,1;16,3;18,2;17,9;16,3;16,1;89;88;89;325;6,2;2,7;
2024/05/17;0200 UTC;0;907,2;907,6;906,9;;18,2;16,3;18,2;18;16,4;16,2;89;89;89;330;5,8;2,7;
2024/05/17;0300 UTC;,4;906,3;907,3;905,6;;17,7;16,2;18,2;17,6;16,4;16,1;92;89;91;351;9,1;3,7;
2024/05/17;0400 UTC;1;905,7;907,2;905,7;;17,3;15,8;17,9;17,1;16,2;15,7;91;88;91;314;7,5;3,1;
2024/05/17;0500 UTC;,2;907;907,1;905,6;;17,4;16,2;17,4;17;16,3;15,8;94;91;93;301;6,8;2,5;
2024/05/17;0600 UTC;0;906,1;907;905,7;;17,4;16,3;17,4;17;16,3;16;94;92;93;325;8;4,3;
2024/05/17;0700 UTC;0;906,2;906,2;905,9;;17,8;16,1;18;17,3;16,4;16,1;94;89;90;326;9,9;5,2;
2024/05/17;0800 UTC;0;906,1;906,5;906;;17,5;16,1;17,9;17,4;16,2;15,9;92;89;92;326;12,3;3,5;
2024/05/17;0900 UTC;0;906,8;906,8;906,1;;17,5;16;17,6;17,2;16,1;16;93;91;91;314;7,8;3,9;
2024/05/17;1000 UTC;,2;907,7;907,7;906,8;;17,1;16;17,5;17;16,2;15,9;94;91;93;314;7,8;3,8;
2024/05/17;1100 UTC;,4;908,6;908,6;907,5;9,9;14,2;13,7;17,3;14,2;16,2;13,7;97;93;97;250;7;,4;
2024/05/17;1200 UTC;1,4;908,9;909;908,6;40,7;15,7;15,4;15,8;13,8;15,4;13,4;98;97;98;305;4,5;1,2;
2024/05/17;1300 UTC;1,6;908,9;909;908,7;179,1;16,3;15,9;16,4;15,1;16;14,8;98;98;98;342;4,5;,5;
2024/05/17;1400 UTC;2,4;908,8;909;908,6;225,9;16,4;16,1;16,8;16,3;16,5;15,9;98;98;98;306;3,7;,7;
2024/05/17;1500 UTC;1,6;907,5;908,8;907,3;201,2;16,5;16,2;16,8;15,9;16,4;15,6;98;98;98;354;5,4;3,3;
2024/05/17;1600 UTC;,8;907,4;907,9;907,4;601,2;17,6;17,2;17,7;16,5;17,3;16,2;98;98;98;332;6,3;,7;
2024/05/17;1700 UTC;0;907;907,4;906,9;485,3;18,7;18,3;18,7;17,6;18,3;17,3;98;98;98;318;4,9;2,5;
2024/05/17;1800 UTC;0;906,6;907;906,6;459,3;19;17,7;19;18,6;18,4;17,7;98;92;93;317;6,8;3,2;
2024/05/17;1900 UTC;0;906,5;906,7;906,3;339,2;19;17,9;19,2;18,9;18;17,8;94;92;93;314;5,8;2,8;
2024/05/17;2000 UTC;0;907;907;906,4;136,7;18,6;17,3;19,1;18,2;17,8;17;94;92;92;287;6,8;1,5;
2024/05/17;2100 UTC;0;907,5;907,5;907;40,6;18,3;16,9;18,7;18,3;17,3;16,9;92;90;91;284;6,5;2,5;
2024/05/17;2200 UTC;0;907,6;907,6;907,2;;17,9;16,5;18,4;17,9;17;16,3;92;89;91;308;7,8;3,8;
2024/05/17;2300 UTC;0;908;908;907,6;;18,5;16,5;18,5;17,9;16,6;16,4;91;88;88;281;6,5;3,2;
2024/05/18;0000 UTC;0;908,4;908,5;908;;17,6;16,5;18,5;17,2;16,6;15,7;94;88;93;274;5,6;,3;
2024/05/18;0100 UTC;,8;908,9;908,9;908,3;;15,9;15,2;17,8;15,9;16,6;15,2;96;92;95;237;4,4;0;
2024/05/18;0200 UTC;0;909,3;909,3;908,8;;15,1;14,7;15,9;14,8;15,2;14,3;98;95;98;275;0;0;
2024/05/18;0300 UTC;0;909,1;909,4;909,1;;15,5;15,1;15,5;15,1;15,1;14,8;98;98;98;262;0;0;
2024/05/18;0400 UTC;0;908,6;909,1;908,6;;15,3;14,9;15,5;15;15,2;14,6;98;98;98;280;0;0;
2024/05/18;0500 UTC;0;908,5;908,6;908,5;;15,1;14,8;15,4;15;15,1;14,7;98;98;98;300;0;0;
2024/05/18;0600 UTC;0;907,9;908,5;907,9;;15,4;15,1;15,6;15,1;15,2;14,8;98;98;98;276;0;0;
2024/05/18;0700 UTC;0;907,9;908;907,9;;15,4;15,1;15,8;15,2;15,4;14,9;98;98;98;254;0;0;
2024/05/18;0800 UTC;0;907,7;908;907,7;;15,5;15,2;15,8;15,3;15,4;15;98;98;98;316;0;0;
2024/05/18;0900 UTC;0;908,1;908,2;907,7;;16;15,7;16;15,4;15,7;15,1;98;98;98;302;5,1;2,3;
2024/05/18;1000 UTC;0;908,5;908,5;908;;16,1;15,8;16,1;16;15,8;15,7;98;98;98;308;6;3,4;
2024/05/18;1100 UTC;,2;908,6;908,8;908,2;9,9;15,9;15,6;16,2;15,9;15,9;15,6;98;98;98;319;7,3;4,3;
2024/05/18;1200 UTC;1,8;909,3;909,3;908,5;19,9;16;15,6;16;15,9;15,6;15,5;98;98;98;311;7,3;4,2;
2024/05/18;1300 UTC;2,8;909,4;909,4;909,1;111,4;16;15,6;16;15,9;15,7;15,5;98;98;98;317;7,8;4,6;
2024/05/18;1400 UTC;,6;909,7;909,8;909,4;192,5;16,2;15,8;16,3;16;15,9;15,6;98;97;97;309;8,9;1,9;
2024/05/18;1500 UTC;,4;909;909,7;908,9;308,9;16,4;15,8;16,6;16,2;16;15,7;97;96;97;317;7,8;3,3;
2024/05/18;1600 UTC;0;908,7;909;908,7;320,4;16,3;15,5;16,5;16,3;15,9;15,5;97;95;95;302;8;2,3;
2024/05/18;1700 UTC;0;908,4;908,7;908,4;184,1;14,9;14,3;16,4;14,8;15,7;13,9;96;94;96;274;5,2;,1;
2024/05/18;1800 UTC;,6;908,2;908,5;908,2;118;15,3;14,6;15,6;14,9;15,1;14,4;97;95;96;298;4,9;1,7;
2024/05/18;1900 UTC;4,4;908,4;908,4;908,1;95,3;14,9;14,5;15,3;14,9;14,6;14,4;97;96;97;285;4,6;0;
2024/05/18;2000 UTC;3,6;908,2;908,6;908,2;37,5;14,5;14;14,9;14,5;14,5;14;97;97;97;285;2,6;,1;
2024/05/18;2100 UTC;1,8;908,9;908,9;908,2;15,2;14;13,6;14,5;14;14;13,5;97;97;97;313;5;2,7;
2024/05/18;2200 UTC;3,4;909,6;909,6;909;;13,5;13,1;14;13,5;13,6;13,1;98;97;98;307;5,6;1,7;
2024/05/18;2300 UTC;3,8;910;910,2;909,6;,7;12,5;12,2;13,5;12,5;13,2;12,2;98;98;98;176;3,6;0;
2024/05/19;0000 UTC;2,2;910,6;910,6;909,9;1,5;10,5;10,2;12,5;10,5;12,2;10,2;98;98;98;239;3,9;2,9;
2024/05/19;0100 UTC;2,6;910,4;910,8;909,8;0;10,3;10,1;10,5;10,1;10,2;9,9;98;98;98;254;4,7;0;
2024/05/19;0200 UTC;2,4;910,5;910,8;910,2;;9,9;9,7;10,4;9,9;10,2;9,7;99;98;99;220;3,1;0;
2024/05/19;0300 UTC;0;910,9;910,9;910,4;,2;9,8;9,6;10;9,8;9,7;9,6;99;99;99;254;2,6;0;
2024/05/19;0400 UTC;,2;910,3;910,9;910;,1;10,7;10,5;10,7;9,8;10,5;9,6;99;99;99;203;0;0;
2024/05/19;0500 UTC;0;910,1;910,4;910,1;,1;11;10,7;11;10,6;10,7;10,4;99;99;99;265;0;0;
2024/05/19;0600 UTC;0;909,2;910,1;909,2;;10,5;10,3;11,1;10,5;10,9;10,3;99;99;99;9;0;0;
2024/05/19;0700 UTC;0;908,8;909,2;908,7;;10,5;10,3;11;10,5;10,8;10,3;99;99;99;211;0;0;
2024/05/19;0800 UTC;,4;909;909,1;908,8;;10,5;10,3;10,5;10,3;10,3;10,1;99;99;99;214;2,6;0;
2024/05/19;0900 UTC;0;909,6;909,6;909;,3;10,3;10,1;10,5;10,1;10,2;10;99;99;99;242;0;0;
2024/05/19;1000 UTC;0;910,3;910,3;909,6;,4;10,4;10,2;10,5;10,1;10,3;9,9;99;99;99;24;0;0;
2024/05/19;1100 UTC;,2;910,7;910,7;910,3;84,4;10,8;10,6;10,9;10,3;10,7;10,1;99;99;99;1;0;0;
2024/05/19;1200 UTC;0;911;911,1;910,6;420,4;12,1;11,9;12,2;10,8;12;10,6;99;99;99;166;3;0;
2024/05/19;1300 UTC;0;911,6;911,7;911;476,6;11,6;11,4;12,2;11;12;10,8;99;99;99;226;0;0;
2024/05/19;1400 UTC;0;911,5;911,7;911,5;700,4;11,6;11,4;11,8;11,2;11,6;11,1;99;99;99;204;0;0;
2024/05/19;1500 UTC;0;911,3;911,7;911,3;831;11,8;11,6;12,1;11,5;11,9;11,3;99;99;99;219;0;0;
2024/05/19;1600 UTC;0;910,7;911,3;910,7;838,3;11,9;11,7;12,5;11,6;12,2;11,4;99;99;99;247;0;0;
2024/05/19;1700 UTC;0;910,1;910,8;910,1;897,8;11,9;11,7;12,3;11,5;12;11,4;99;99;99;246;0;0;
2024/05/19;1800 UTC;,2;910,2;910,2;910;576,8;11,5;11,3;12,1;11,5;11,8;11,3;99;99;99;205;2;,1;
2024/05/19;1900 UTC;0;910,4;910,4;910,1;353,2;11,4;11,3;11,7;11,3;11,5;11,1;99;99;99;223;3,9;0;
2024/05/19;2000 UTC;0;911;911;910,3;146,3;11,1;10,9;11,6;11,1;11,4;10,9;99;99;99;205;4;2,5;
2024/05/19;2100 UTC;,2;911,4;911,4;911;17,8;10,5;10,3;11,2;10,5;11;10,3;99;99;99;200;5,1;2,6;
2024/05/19;2200 UTC;0;911,8;911,8;911,4;;10,4;10,2;10,6;10,3;10,4;10,2;99;99;99;191;4;,4;
2024/05/19;2300 UTC;0;912,1;912,1;911,8;1,8;10;9,8;10,3;10;10,1;9,8;99;99;99;176;4,3;0;
2024/05/20;0000 UTC;,2;912,5;912,6;912,1;1,1;9,8;9,6;10,1;9,8;9,9;9,6;99;99;99;172;4,8;1,8;
2024/05/20;0100 UTC;0;912,5;912,6;912,5;,3;9,5;9,3;9,8;9,4;9,6;9,3;99;99;99;200;4,7;,3;
2024/05/20;0200 UTC;0;912,5;912,5;912,4;0;9,1;8,9;9,6;9,1;9,4;8,9;99;99;99;183;3,7;,6;
2024/05/20;0300 UTC;0;912,2;912,5;912,2;;9,1;9;9,2;8,9;9;8,8;99;99;99;126;2,8;0;
2024/05/20;0400 UTC;0;912;912,2;912;;8,5;8,4;9,1;8,5;8,9;8,4;99;99;99;167;3,3;0;
2024/05/20;0500 UTC;0;911,8;912;911,8;;8,4;8,3;8,5;8;8,4;7,9;99;99;99;144;4,2;0;
2024/05/20;0600 UTC;0;911,2;911,8;911,2;0;7,8;7,7;8,4;7,8;8,3;7,7;99;99;99;149;3,3;,4;
2024/05/20;0700 UTC;0;911;911,2;911;;7,9;7,7;7,9;7,7;7,7;7,6;99;99;99;148;4;0;
2024/05/20;0800 UTC;0;910,8;911;910,7;;7,5;7,4;7,9;7,5;7,8;7,4;99;99;99;148;3,6;,5;
2024/05/20;0900 UTC;0;910,9;911;910,7;;7,1;7;7,5;7,1;7,4;7;99;99;99;132;4,3;,5;
2024/05/20;1000 UTC;0;911,4;911,4;910,9;0;6,9;6,8;7,2;6,9;7;6,8;99;99;99;147;4,4;,5;
2024/05/20;1100 UTC;0;911,8;911,8;911,4;54,3;7,3;7,2;7,4;6,9;7,2;6,8;99;99;99;134;4,6;,9;
2024/05/20;1200 UTC;0;912,1;912,1;911,8;293,2;8,1;8;8,1;7,2;8;7,1;99;99;99;123;3,6;0;
2024/05/20;1300 UTC;0;912,4;912,4;912;614,3;8,8;8,6;8,9;8;8,7;7,9;99;99;99;122;3,3;0;
2024/05/20;1400 UTC;,2;912,2;912,5;912,1;1268,7;10,4;10,2;10,4;8,7;10,2;8,6;99;99;99;97;2,6;0;
2024/05/20;1500 UTC;0;911,7;912,2;911,7;2275,4;12,5;10,6;12,5;10,4;11,2;9,9;99;85;88;110;0;0;
2024/05/20;1600 UTC;0;910,9;911,7;910,9;2679,5;14,2;9,4;14,8;12,6;11,2;9,4;89;73;73;101;,1;0;
2024/05/20;1700 UTC;0;910,2;910,9;910,2;2560,6;15,6;10,4;15,6;14;11,1;9,1;77;70;71;147;0;0;
2024/05/20;1800 UTC;0;910;910,2;910;2190,4;16,7;10,9;17,2;15,6;11,9;9,9;73;67;69;90;0;0;
2024/05/20;1900 UTC;0;909,8;910;909,8;1610,5;17;11,5;17,7;16,7;11,8;10,5;71;66;70;90;0;0;
2024/05/20;2000 UTC;0;909,6;909,8;909,6;877,4;16,7;12,5;17;16,1;12,5;11,3;77;70;76;81;0;0;
2024/05/20;2100 UTC;0;909,6;909,7;909,5;161,6;13,2;10,9;16,7;13,2;12,5;10,6;86;76;86;109;0;0;
2024/05/20;2200 UTC;0;909,8;909,8;909,6;;12;10,2;13,4;12;11,1;10,2;89;85;89;114;0;0;
2024/05/20;2300 UTC;0;910;910;909,8;;11,1;9,8;12,5;11,1;10,9;9,7;92;89;92;78;0;0;
2024/05/21;0000 UTC;0;910,1;910,2;910;;11,6;10,6;11,6;11;10,6;9,8;94;92;94;70;0;0;
2024/05/21;0100 UTC;0;909,8;910,2;909,8;;15,3;10,1;15,4;11,5;11,8;10,1;94;71;71;34;6,7;2,4;
2024/05/21;0200 UTC;0;909,8;909,8;909,7;;15,3;10,9;15,7;15,1;11;10;75;71;75;358;8,6;4,1;
2024/05/21;0300 UTC;0;910,1;910,1;909,8;;15;11;15,3;14,8;11,1;10,7;78;75;77;352;9,1;4,5;
2024/05/21;0400 UTC;0;909,9;910,1;909,9;;15,2;11,5;15,3;14,9;11,6;11;79;77;79;357;10,4;5,2;
2024/05/21;0500 UTC;0;909,6;909,9;909,6;;15,1;12,2;15,2;14,9;12,3;11,5;83;79;83;357;10,3;5,4;
2024/05/21;0600 UTC;0;909,4;909,7;909,4;;15,5;12,7;15,5;15;12,7;12,2;84;83;84;358;10,1;5,4;
2024/05/21;0700 UTC;0;909,4;909,5;909,4;;15,6;12,7;15,8;15,3;12,9;12,6;84;83;83;357;10,1;6,1;
2024/05/21;0800 UTC;0;909,3;909,5;909,3;;15,5;12,5;15,8;15,3;12,8;12,5;84;82;83;357;9,2;5,6;
2024/05/21;0900 UTC;0;909,6;909,6;909,3;;15,2;12,5;15,7;15,1;12,7;12,4;84;82;84;358;8,5;4,6;
2024/05/21;1000 UTC;0;910,3;910,3;909,6;;15,7;12,8;15,8;15,1;12,9;12,4;84;83;83;11;7;3,7;
2024/05/21;1100 UTC;0;911;911;910,3;101,1;15,6;12,9;15,8;15,4;12,9;12,7;84;82;84;3;6,1;2,4;
2024/05/21;1200 UTC;0;911,5;911,5;911;803;17,6;13,8;17,6;15,6;13,9;12,9;84;78;78;11;7,2;3,5;
2024/05/21;1300 UTC;0;911,8;911,8;911,5;830,1;18,6;15;18,6;17;15;13,5;81;78;80;9;7,6;3,2;
2024/05/21;1400 UTC;0;911,6;911,9;911,6;1246,2;21,6;16,6;21,7;18,6;17;14,9;80;73;73;352;7,4;3,5;
2024/05/21;1500 UTC;0;911;911,6;911;2501,2;22;16,4;22,1;21,5;16,7;16;73;70;71;343;9,8;5,7;
2024/05/21;1600 UTC;0;910,6;911,1;910,6;2495;22,7;17,2;22,8;21,9;17,2;16,3;72;70;71;349;10,6;4,2;
2024/05/21;1700 UTC;0;910;910,6;909,9;2348,5;23,3;16,8;23,7;22,6;17,3;16,7;71;66;67;358;9,8;3,9;
2024/05/21;1800 UTC;0;909,3;910;909,3;2000,7;23,8;17;24,1;23,3;17,7;16,6;69;64;66;360;7,9;3,4;
2024/05/21;1900 UTC;0;909,2;909,3;909,1;1394,2;23,2;16,7;23,8;22,8;17;16,1;67;63;67;357;8,4;4,1;
2024/05/21;2000 UTC;0;909,2;909,2;909,1;605,5;22,5;16,9;23,2;22,2;17;16,5;72;66;70;358;8,2;3,5;
2024/05/21;2100 UTC;0;909,1;909,2;909;117,8;21,5;17;22,6;21,4;17;16,8;76;70;75;10;8,2;2,6;
2024/05/21;2200 UTC;0;908,9;909,1;908,8;;21,3;16,8;21,7;21,1;17;16,8;77;74;76;13;7,2;2,8;
2024/05/21;2300 UTC;0;909,3;909,3;908,9;;20,9;15,9;21,3;20,7;16,8;15,9;76;73;73;14;8,4;3,1;
2024/05/22;0000 UTC;0;909,3;909,4;909,2;;20,3;15,8;20,9;20,2;16;15,7;76;73;76;30;8,1;2,4;
2024/05/22;0100 UTC;0;909,7;909,7;909,3;;19,2;15,8;20,3;19,2;15,9;15,7;81;76;81;11;11,3;3,6;
2024/05/22;0200 UTC;0;909,9;909,9;909,6;;19;15,7;19,3;18,9;15,9;15,7;82;80;82;8;10,4;4,6;
2024/05/22;0300 UTC;0;909,8;909,9;909,7;;19,2;15,8;19,3;18,9;15,8;15,7;82;80;81;6;11,9;5,1;
2024/05/22;0400 UTC;0;909,5;909,9;909,4;;18,8;15,7;19,2;18,8;15,9;15,7;82;81;82;7;11,4;5,3;
2024/05/22;0500 UTC;0;909,1;909,6;909;;18,6;15,4;18,9;18,6;15,7;15,4;83;81;81;4;13,2;5,2;
2024/05/22;0600 UTC;0;909;909,1;908,7;;17,9;15,5;18,7;17,8;15,5;15,3;86;81;86;21;10,2;3,8;
2024/05/22;0700 UTC;0;909;909,1;908,9;;17,4;15,4;17,9;17,4;15,5;15,3;88;86;88;14;10,4;2,4;
2024/05/22;0800 UTC;0;908,8;909,1;908,7;;17,2;15,3;17,5;17,1;15,5;15,3;89;88;89;8;8,1;2,6;
2024/05/22;0900 UTC;0;908,7;908,8;908,6;;17,4;15,3;17,5;17,1;15,4;15,3;89;87;87;351;10,1;4,9;
2024/05/22;1000 UTC;0;908,7;908,8;908,6;;17,8;15,1;17,9;17,4;15,3;15,1;87;84;84;346;12,3;6,7;
2024/05/22;1100 UTC;0;909,5;909,6;908,7;154,4;18,3;15,2;18,3;17,8;15,2;15,1;84;82;82;345;12,7;7,4;
2024/05/22;1200 UTC;0;909,9;909,9;909,5;809,8;19,4;15,4;19,4;18,3;15,5;15,1;82;78;78;347;12,8;7,4;
2024/05/22;1300 UTC;0;910,4;910,4;909,8;1479,8;20,9;15,7;21;19,4;15,8;15,5;78;72;72;344;12,7;7,7;
2024/05/22;1400 UTC;0;910,4;910,6;910,3;2000,1;22,8;16,5;22,8;20,8;16,7;15,7;73;68;68;349;12,6;5,6;
2024/05/22;1500 UTC;0;910,1;910,4;910,1;2336;23,7;16,3;23,9;22,8;17,3;16,1;69;63;63;342;10,5;5,4;
2024/05/22;1600 UTC;0;909,2;910,1;909,2;2297,4;24,7;16,3;24,7;23,3;16,8;15,9;65;59;59;353;10,2;4,4;
2024/05/22;1700 UTC;0;908,5;909,2;908,5;2267;25,2;16;25,7;24,5;17,2;15,6;61;56;57;339;9,4;4,1;
2024/05/22;1800 UTC;0;907,9;908,5;907,8;1792,7;25,5;16,3;25,9;24,6;16,5;15,3;58;54;57;345;10,5;4,8;
2024/05/22;1900 UTC;0;907,1;907,9;907,1;1413,2;25,4;16,3;25,5;24,9;16,5;15,5;59;54;57;348;11,6;4,1;
2024/05/22;2000 UTC;0;907,1;907,2;907;794,4;24,4;15,8;25,3;24,4;16,1;15,4;59;56;59;346;9,1;3,9;
2024/05/22;2100 UTC;0;907,2;907,2;907,1;84,7;23,3;15,7;24,4;23;15,9;15,6;63;59;62;2;6,8;2,2;
2024/05/22;2200 UTC;0;907,1;907,2;907;;22,7;15,6;23,3;22,5;15,7;15,4;65;62;64;10;7,2;3,2;
2024/05/22;2300 UTC;0;907,4;907,5;907,1;;22;15,6;22,7;21,9;15,6;15,5;67;64;67;13;7,5;2,5;
2024/05/23;0000 UTC;0;907,5;907,5;907,4;;21,7;15,4;22,1;21,5;15,6;15,3;68;67;67;12;8,4;3,4;
2024/05/23;0100 UTC;0;907,6;907,6;907,5;;21;15,2;21,7;20,9;15,3;15,2;70;67;69;359;9,2;4,1;
2024/05/23;0200 UTC;0;907,9;908;907,5;;20,4;15,1;21;20,3;15,2;15;72;69;72;3;9,8;3,2;
2024/05/23;0300 UTC;0;907,8;908;907,8;;19,8;15;20,4;19,7;15,1;15;74;72;74;3;7,1;3,4;
2024/05/23;0400 UTC;0;907,1;907,8;907,1;;19,4;15,1;19,9;19,4;15,2;15;76;74;76;2;7,6;3,6;
2024/05/23;0500 UTC;0;906,5;907,1;906,4;;19,1;15,1;19,6;19,1;15,2;15;78;76;78;350;8,8;3,7;
2024/05/23;0600 UTC;0;906,3;906,5;906,1;;19,1;14,9;19,3;19;15,1;14,8;78;76;76;351;8,8;5,3;
2024/05/23;0700 UTC;0;906,2;906,5;906,2;;19;14,8;19,3;18,7;14,9;14,7;78;76;77;352;9,9;4,7;
2024/05/23;0800 UTC;0;905,8;906,5;905,8;;18,7;14,6;19,1;18,5;14,8;14,6;78;76;77;351;8,5;4,2;
2024/05/23;0900 UTC;0;904,9;905,8;904,9;;18,9;14,4;18,9;18,5;14,6;14,4;78;75;75;352;9,7;4,7;
2024/05/23;1000 UTC;0;905,5;905,5;904,8;;18,8;14,3;19;18,7;14,4;14,3;75;75;75;351;11,4;4,4;
2024/05/23;1100 UTC;0;905,4;905,6;905,3;128,6;19;14,2;19;18,6;14,3;14,1;75;74;74;352;10,4;5,4;
2024/05/23;1200 UTC;0;905,8;905,8;905,2;913,4;20;14,3;20,1;18,9;14,5;14,1;74;69;70;349;10,9;5,9;
2024/05/23;1300 UTC;0;906,2;906,2;905,7;1545,7;21;14,6;21;20;14,7;14,1;70;66;67;348;11,6;5,9;
2024/05/23;1400 UTC;0;906,1;906,3;905,9;1900,1;22,5;14,9;22,7;21;15,3;14,5;67;61;62;343;10,9;6,1;
2024/05/23;1500 UTC;0;905,8;906,1;905,6;1681,4;24;15,3;24,1;22,5;15,5;14,5;62;58;58;336;15,1;6,7;
2024/05/23;1600 UTC;0;904,9;905,8;904,6;1275,4;23,4;15,6;24;22,8;15,7;14,7;62;57;61;333;15,9;5,5;
2024/05/23;1700 UTC;0;904,3;904,9;904,3;479,7;22,4;15,7;23,4;22,3;15,8;15,1;66;61;66;337;11,7;3,9;
2024/05/23;1800 UTC;3,6;904,1;904,9;903,8;86,8;18,5;15,9;22,4;18,5;17,2;15,7;89;66;85;278;8,9;3,8;
2024/05/23;1900 UTC;5,6;903,1;904,3;903,1;29,5;17,6;17;18,5;17,3;17;15,7;96;85;96;131;6;0;
2024/05/23;2000 UTC;7;903,6;904,3;902,2;4,6;17,4;16,9;17,8;17,4;17,2;16,9;97;96;97;274;5,7;3;
2024/05/23;2100 UTC;17,4;903,1;903,9;902,8;1,4;17,5;17;17,5;17,2;17,1;16,6;97;96;97;307;9,6;5,3;
2024/05/23;2200 UTC;5;903;903,3;902,9;;18,5;18,1;18,8;17,5;18,4;17,1;97;97;97;297;11,5;6,3;
2024/05/23;2300 UTC;,2;903,6;903,8;902,7;2,8;19;17,8;19,3;18,5;18,6;17,7;97;92;93;304;12,2;6,4;
2024/05/24;0000 UTC;0;904,4;904,4;903,2;1,7;19,2;17,9;19,3;18,8;18;17,7;94;92;92;303;11,8;5,7;
2024/05/24;0100 UTC;0;904,6;904,6;904,2;;19,3;18;19,5;19,1;18,1;17,9;93;91;92;292;10,8;5,7;
2024/05/24;0200 UTC;0;904,3;904,6;904,2;;19;17;19,5;19;18;17;93;88;88;259;13;6,9;
2024/05/24;0300 UTC;0;904,3;904,4;904,1;;18,6;16,3;19;18,5;17;16,3;89;86;86;266;12,5;6,3;
2024/05/24;0400 UTC;0;904,7;904,8;904,1;;18;16,1;18,6;18;16,3;16,1;88;86;88;282;12,5;3;
2024/05/24;0500 UTC;0;904,8;905;904,6;;17,6;15,9;18,1;17,6;16,1;15,9;90;88;90;294;8,6;3,8;
2024/05/24;0600 UTC;0;904,4;904,9;904,4;;17,2;16;17,6;17,2;16;15,9;92;90;92;283;6,6;1,9;
2024/05/24;0700 UTC;0;904;904,4;903,9;;16,3;15,7;17,3;16,3;16;15,7;96;92;96;198;4,6;2,3;
2024/05/24;0800 UTC;0;903,9;904,1;903,8;;15,9;15,5;16,3;15,9;15,7;15,4;97;96;97;242;6,4;,8;
2024/05/24;0900 UTC;0;904,4;904,4;903,7;;15,5;15,1;15,9;15,5;15,5;15,1;97;97;97;214;5,1;,5;
2024/05/24;1000 UTC;,4;905,1;905,1;904,4;0;15,4;15;15,5;15,3;15,1;15;98;97;98;261;3;,1;
2024/05/24;1100 UTC;,6;905,8;905,8;905;20,3;15,1;14,7;15,4;15,1;15,1;14,7;98;98;98;187;3,1;1,5;
2024/05/24;1200 UTC;,8;906,5;906,6;905,8;62,4;14,6;14,3;15,1;14,6;14,8;14,2;98;98;98;213;5,3;,3;
2024/05/24;1300 UTC;,2;907,3;907,4;906,4;162,7;14;13,7;14,6;14;14,2;13,7;98;98;98;239;5,8;1,2;
2024/05/24;1400 UTC;,2;907,6;907,7;907,2;453,9;14,2;13,9;14,3;13,9;14;13,6;98;98;98;224;5,8;2,1;
2024/05/24;1500 UTC;0;907,5;907,8;907,4;932,1;15;14,7;15;14,2;14,7;13,9;98;98;98;237;4,9;1,1;
2024/05/24;1600 UTC;,8;907,2;907,5;907,2;794,9;14,4;14;15,3;14,2;14,9;13,9;98;97;98;226;6;,9;
2024/05/24;1700 UTC;,2;906,9;907,2;906,9;809,1;14,3;13,7;15,2;14,3;14,8;13,7;98;96;96;213;7,1;1,5;
2024/05/24;1800 UTC;,2;907;907;906,8;605,9;14,4;13,6;14,5;14;14;13,4;97;95;95;209;7,5;1,8;
2024/05/24;1900 UTC;0;907,2;907,2;906,9;721,8;14,2;13;15,1;13,9;13,9;12,8;95;91;92;208;8,1;1,8;
2024/05/24;2000 UTC;,2;908,3;908,3;907,2;272,9;13,1;12,2;14,2;13,1;13;12,2;95;92;95;223;8,6;1;
2024/05/24;2100 UTC;0;908,9;908,9;908,3;69,6;12,5;11,8;13,1;12,5;12,4;11,7;96;94;95;185;6,8;1,5;
2024/05/24;2200 UTC;0;908,9;909;908,8;;11,8;11;12,5;11,8;11,8;10,9;95;94;95;187;7;2,3;
2024/05/24;2300 UTC;,8;909,9;909,9;908,9;0;10,4;10;11,8;10,4;11,1;10;97;95;97;196;8,3;4,2;
2024/05/25;0000 UTC;,8;909,8;910,3;909,8;,2;9,7;9,5;10,4;9,7;10;9,4;98;97;98;168;8,3;2,3;
2024/05/25;0100 UTC;,2;909,9;910,1;909,6;;8,8;8,5;9,8;8,7;9,5;8,4;98;98;98;173;8;3;
2024/05/25;0200 UTC;,2;910,8;910,8;909,9;;7,3;7,1;8,8;7,3;8,5;7,1;99;98;99;166;8,1;3,1;
2024/05/25;0300 UTC;0;911;911,1;910,8;;7,4;7,2;7,4;7,2;7,2;7;99;99;99;173;6,9;2,3;
2024/05/25;0400 UTC;0;911;911,2;910,8;,3;6,8;6,6;7,4;6,7;7,2;6,5;99;99;99;168;6,8;2,7;
2024/05/25;0500 UTC;,2;911,1;911,2;911;;6,8;6,6;6,8;6,6;6,6;6,5;99;99;99;148;6,9;1,9;
2024/05/25;0600 UTC;0;911,1;911,2;911;;6,7;6,5;6,8;6,6;6,6;6,4;99;98;98;171;5,3;1,7;
2024/05/25;0700 UTC;0;911,4;911,4;911,1;;6,6;6,4;6,7;6,5;6,5;6,3;99;98;99;174;4,5;2,1;
2024/05/25;0800 UTC;,4;911,5;911,8;911,4;;6,4;6,2;6,6;6,3;6,4;6,1;99;98;99;169;6,4;2,7;
2024/05/25;0900 UTC;0;911,9;911,9;911,5;;6;5,8;6,4;5,9;6,2;5,7;99;99;99;162;7,1;2,5;
2024/05/25;1000 UTC;0;912,3;912,3;911,9;;6,1;5,9;6,1;5,9;5,9;5,7;99;99;99;158;6,2;1,9;
2024/05/25;1100 UTC;,2;912,3;912,3;912,1;49,8;5,9;5,8;6,1;5,8;6;5,6;99;99;99;142;6,2;2,5;
2024/05/25;1200 UTC;,2;913,1;913,2;912,3;276,7;6,3;6,1;6,4;5,9;6,3;5,7;99;99;99;144;6,2;2,2;
2024/05/25;1300 UTC;0;913,2;913,3;913;510,1;6,5;6,3;6,6;6;6,4;5,8;99;99;99;145;7,3;2,8;
2024/05/25;1400 UTC;0;913,8;913,9;913,2;436,5;6,6;6,4;6,9;6,1;6,7;5,9;99;99;99;130;7,3;1,8;
2024/05/25;1500 UTC;0;913,5;913,9;913,5;586,9;7;6,7;7,1;6,5;6,9;6,3;99;98;98;124;6,1;1,6;
2024/05/25;1600 UTC;0;913,1;913,7;913,1;661,9;7,5;6,6;7,8;6,7;7,2;6,3;98;94;94;133;5;1,1;
2024/05/25;1700 UTC;0;912,7;913,1;912,6;512;7,5;6,6;7,9;7,4;7,2;6,3;95;92;94;125;3,6;,6;
2024/05/25;1800 UTC;0;912,1;912,7;912,1;627,2;8,2;6,7;8,3;7,3;7,2;6,3;95;90;90;155;4,9;2,3;
2024/05/25;1900 UTC;0;911,9;912,1;911,7;670,7;8;6,3;8,6;8;7,3;6,3;92;88;89;154;5;1,3;
2024/05/25;2000 UTC;0;912,1;912,2;911,8;294,7;7,1;6,2;8;7,1;6,6;6;94;89;94;201;4,6;2,4;
2024/05/25;2100 UTC;0;912,6;912,7;912;50,9;6,6;6;7,2;6,5;6,4;5,9;96;94;96;168;4,8;1,9;
2024/05/25;2200 UTC;0;913;913;912,5;;6,1;5,6;6,6;6,1;6;5,5;97;96;96;171;5,1;2,5;
2024/05/25;2300 UTC;0;913,1;913,2;912,9;;5,9;5,4;6,2;5,9;5,6;5,4;97;96;97;170;5,3;2,2;
2024/05/26;0000 UTC;0;913,2;913,3;913;;5,9;5,4;5,9;5,8;5,5;5,4;97;97;97;169;4,4;2,1;
2024/05/26;0100 UTC;0;913,1;913,4;913,1;;5,8;5,5;5,9;5,8;5,6;5,3;97;97;97;153;4,5;1,6;
2024/05/26;0200 UTC;0;913,3;913,3;913,1;;5,9;5,5;5,9;5,8;5,5;5,4;98;97;98;155;4,4;1,9;
2024/05/26;0300 UTC;0;913,1;913,3;913,1;;5,8;5,5;5,9;5,8;5,6;5,4;98;97;98;151;4,4;1,2;
2024/05/26;0400 UTC;0;912,4;913,1;912,4;;5,8;5,5;5,9;5,7;5,6;5,4;98;98;98;139;4;1,6;
2024/05/26;0500 UTC;0;912,1;912,6;912,1;;5,4;5,1;5,9;5,4;5,6;5,1;98;98;98;139;3,7;1,5;
2024/05/26;0600 UTC;0;911,7;912,1;911,7;;5,4;5,1;5,4;5,2;5,1;4,9;98;98;98;148;3,6;,8;
2024/05/26;0700 UTC;0;911,5;911,7;911,5;;4,9;4,7;5,3;4,8;5,1;4,6;99;98;99;129;2,4;,6;
2024/05/26;0800 UTC;0;911,6;911,6;911,4;;5,1;4,9;5,1;4,7;4,9;4,5;99;99;99;131;2,8;0;
2024/05/26;0900 UTC;0;911,7;911,7;911,6;;5,2;5;5,6;4,9;5,4;4,8;99;99;99;123;2,9;,1;
2024/05/26;1000 UTC;0;912;912;911,6;;5,5;5,4;6,3;5,2;6,1;5,1;99;99;99;118;2,6;0;
2024/05/26;1100 UTC;0;912,7;912,8;912;57,7;5,8;5,6;6,5;5,4;6,3;5,2;99;99;99;133;0;0;
2024/05/26;1200 UTC;0;913,1;913,1;912,7;312,9;7,9;7,7;7,9;5,8;7,7;5,6;99;98;98;67;3,5;1,3;
2024/05/26;1300 UTC;0;913,3;913,3;913;979,8;10;9,1;10;7,9;9,4;7,8;98;93;94;81;4,2;1,2;
2024/05/26;1400 UTC;0;913,3;913,4;913,3;1468,5;11,9;9,9;12,2;10,1;10,5;9;95;85;87;65;3,5;,9;
2024/05/26;1500 UTC;0;912,8;913,3;912,8;1363,1;13,3;10,8;14,2;11,7;11,7;9,6;89;81;85;72;3;,9;
2024/05/26;1600 UTC;0;912,1;912,8;912,1;637,4;12,4;10,9;13,3;12,4;11,2;10,4;90;84;90;84;3,5;1,2;
2024/05/26;1700 UTC;0;911,4;912,1;911,3;517,2;12,7;11,6;12,8;12,1;11,6;10,8;94;90;93;89;3,5;1,1;
2024/05/26;1800 UTC;0;911,2;911,4;911,1;320,5;12,3;11,6;12,8;12,3;11,7;11,4;95;92;95;84;3,2;,5;
2024/05/26;1900 UTC;,4;911;911,3;911;181,2;11,9;11,5;12,3;11,9;11,6;11,4;97;95;97;92;3,4;1,4;
2024/05/26;2000 UTC;0;910,9;911;910,6;122,5;11,8;11,4;11,9;11,8;11,5;11,3;97;97;97;62;4,1;,2;
2024/05/26;2100 UTC;,2;910,6;910,9;910,6;26,9;11,5;11,1;11,9;11,5;11,5;11,1;97;97;97;83;4;1,4;
2024/05/26;2200 UTC;,4;911,4;911,4;910,6;;11;10,6;11,5;11;11,1;10,6;97;97;97;103;5,2;,3;
2024/05/26;2300 UTC;1,6;911,3;911,6;910,9;0;10,7;10,4;11;10,7;10,6;10,4;98;97;98;78;4,5;1;
2024/05/27;0000 UTC;,2;911,5;911,6;911,2;;10,5;10,2;10,7;10,5;10,4;10,2;98;98;98;94;4,1;,9;
2024/05/27;0100 UTC;0;911,6;911,7;911,2;;10,6;10,2;10,6;10,5;10,3;10,1;98;97;97;79;6,1;1,3;
2024/05/27;0200 UTC;0;911,6;911,7;911,4;;10,6;10;10,6;10,5;10,2;10;97;96;96;51;7,9;3,2;
2024/05/27;0300 UTC;,2;911,6;911,7;911,4;;10,6;10,1;10,7;10,6;10,1;10;97;96;97;55;7,5;2,5;
2024/05/27;0400 UTC;0;911,5;911,7;911,5;;10,6;10,2;10,7;10,6;10,2;10,1;97;97;97;21;6,7;1,5;
2024/05/27;0500 UTC;0;910,9;911,5;910,8;;10,7;10,3;10,7;10,6;10,3;10,2;98;97;98;27;6,6;1,8;
2024/05/27;0600 UTC;,2;910,5;910,9;910,5;;10,7;10,3;10,8;10,7;10,4;10,3;98;98;98;12;6;2,7;
2024/05/27;0700 UTC;,2;909,9;910,6;909,9;;10,7;10,4;10,7;10,6;10,4;10,3;98;98;98;15;6,4;3;
2024/05/27;0800 UTC;0;909,5;909,9;909,5;;10,9;10,6;10,9;10,7;10,6;10,4;98;98;98;13;7,2;3,2;
2024/05/27;0900 UTC;0;909,8;909,8;909,4;;11;10,7;11;10,8;10,7;10,6;98;98;98;19;9,3;3,1;
2024/05/27;1000 UTC;,4;910,6;910,6;909,8;;11,1;10,8;11,1;11;10,8;10,7;98;98;98;17;7,1;2;
2024/05/27;1100 UTC;,8;911,3;911,3;910,6;32,2;11,3;11,1;11,3;11,1;11,1;10,8;98;98;98;8;7,3;3,3;
2024/05/27;1200 UTC;,4;911,3;911,4;911,2;178,3;11,5;11,3;11,6;11,3;11,3;11,1;98;98;98;8;6,6;3,3;
2024/05/27;1300 UTC;,4;911,5;911,6;911,3;290,4;11,9;11,6;11,9;11,5;11,7;11,3;98;98;98;1;6,7;2,9;
2024/05/27;1400 UTC;,4;911,5;911,6;911,5;331,9;12,3;12;12,3;11,9;12,1;11,6;98;98;98;346;6,7;2,7;
2024/05/27;1500 UTC;,4;910,7;911,5;910,6;568,3;12,6;12,3;12,9;12,2;12,6;12;98;98;98;334;5,5;2,4;
2024/05/27;1600 UTC;1,2;910;910,9;909,8;270,5;12,5;12,3;12,6;12,3;12,4;12;98;98;98;325;6,7;1,7;
2024/05/27;1700 UTC;1;909,7;910,2;909,7;239,1;10,8;10,6;12,6;10,7;12,3;10,5;99;98;99;248;5,8;2,1;
2024/05/27;1800 UTC;,6;909,4;909,7;909,4;321,3;10,5;10,3;10,8;10,2;10,6;10;99;99;99;226;6,3;1,5;
2024/05/27;1900 UTC;,4;909,7;909,7;909,2;220,9;9,7;9,5;10,5;9,5;10,1;9,3;99;99;99;214;7;1,2;
2024/05/27;2000 UTC;1,6;910,3;910,4;909,6;93,1;8,4;8,2;9,7;8,4;9,5;8,2;99;99;99;194;8,9;2,5;
2024/05/27;2100 UTC;,4;910,9;911;910,3;18,9;7,7;7,5;8,4;7,7;8,1;7,5;99;99;99;183;8,9;,5;
2024/05/27;2200 UTC;0;911,3;911,4;910,9;,3;7,4;7,2;7,7;7,4;7,5;7,2;99;99;99;190;5,5;,9;
2024/05/27;2300 UTC;0;911,7;911,7;911,3;;7,5;7,4;7,5;7,4;7,4;7,2;99;99;99;193;4,3;,5;
2024/05/28;0000 UTC;0;912;912;911,6;;7,7;7,5;7,7;7,5;7,5;7,4;99;99;99;146;6,9;1;
2024/05/28;0100 UTC;0;911,9;912;911,8;,3;7,5;7,4;7,7;7,5;7,5;7,3;99;99;99;41;4,5;0;
2024/05/28;0200 UTC;0;911,8;912;911,8;,2;7,4;7,2;7,6;7,4;7,3;7,2;99;99;99;330;4,4;,2;
2024/05/28;0300 UTC;0;911,8;911,9;911,8;0;7,1;6,9;7,4;7,1;7,2;6,9;99;98;98;257;3,9;2,2;
2024/05/28;0400 UTC;0;911,3;911,8;911,2;,2;6,8;6,2;7,2;6,8;6,9;6,2;98;96;96;260;5,1;3;
2024/05/28;0500 UTC;0;911,4;911,4;911,2;,2;6,4;5,8;6,8;6,4;6,2;5,7;96;95;95;265;5,2;3;
2024/05/28;0600 UTC;0;910,9;911,4;910,9;;5,8;5,2;6,4;5,8;5,8;5,2;97;95;96;180;5,2;,3;
2024/05/28;0700 UTC;0;910,8;911;910,7;;5,6;5,1;5,8;5,6;5,3;5;96;96;96;235;4,2;,5;
2024/05/28;0800 UTC;0;910,9;910,9;910,8;;5,2;4,3;5,7;5,2;5,2;4,2;96;93;94;265;5,1;2,6;
2024/05/28;0900 UTC;0;911,1;911,2;910,8;,2;4,9;4;5,2;4,9;4,3;4;94;93;94;245;5,2;1,7;
2024/05/28;1000 UTC;0;911,8;911,8;911,1;;4,1;3,2;4,9;4;4;3;94;92;94;224;5,5;,9;
2024/05/28;1100 UTC;0;912,1;912,1;911,7;83,5;4,1;2,6;4,1;3,7;3,2;2,5;95;90;90;261;5,3;,9;
2024/05/28;1200 UTC;0;912,9;912,9;912,1;304,7;4,2;2,9;4,3;4,1;3;2,4;92;89;91;8;5,7;,4;
2024/05/28;1300 UTC;0;913,7;913,7;912,8;737;4,6;2,3;5;3,9;3,3;1,9;92;83;85;194;5,8;2,9;
2024/05/28;1400 UTC;0;913,7;914;913,7;2027,3;6;2,8;6,3;4,6;2,8;1,1;85;74;80;222;6,9;1,9;
2024/05/28;1500 UTC;0;913,1;913,6;913,1;2429,8;6,3;2,1;7;5,5;3,5;,9;80;72;74;192;6,1;1,9;
2024/05/28;1600 UTC;0;912,6;913,1;912,6;2590,2;8,6;3,9;8,8;6,3;4,5;2,4;78;71;72;220;5,8;1,3;
2024/05/28;1700 UTC;0;912,1;912,6;912,1;2452,5;9,4;4,6;9,6;7,9;4,7;3;75;69;72;208;5,1;1,4;
2024/05/28;1800 UTC;0;911,7;912,1;911,7;2083,9;9,2;3,9;10,4;8,8;5,5;3,6;74;68;70;191;6,2;2,5;
2024/05/28;1900 UTC;0;911,9;912;911,7;1537,9;9,6;4,7;10,1;8,7;5,4;3,6;75;70;72;210;6,3;1,6;
2024/05/28;2000 UTC;0;912,4;912,4;911,9;589;8,1;4,7;9,5;8,1;5,1;4,4;79;72;79;197;6,2;3,2;
2024/05/28;2100 UTC;0;912,6;912,7;912,4;69,3;7,1;5,1;8,1;7,1;5,1;4,6;87;79;87;186;5,6;,9;
2024/05/28;2200 UTC;0;913;913;912,5;;6,9;5;7,2;6,9;5;4,9;88;85;88;228;4,9;1;
2024/05/28;2300 UTC;0;913,4;913,4;913;;6,7;5,4;6,9;6,7;5,4;5;92;88;92;178;5,4;1,3;
2024/05/29;0000 UTC;0;913,7;913,7;913,2;;6,5;5,5;6,7;6,4;5,5;5,3;94;91;94;172;5;2,6;
2024/05/29;0100 UTC;0;913,7;913,9;913,7;;6,2;5,8;6,5;6,2;5,8;5,5;97;94;97;190;5;1,1;
2024/05/29;0200 UTC;0;913,5;913,8;913,4;;6,4;6,1;6,4;6,2;6,1;5,8;98;97;98;173;4,6;2,2;
2024/05/29;0300 UTC;0;913,3;913,6;913,2;;6,6;6,4;6,7;6,4;6,4;6,1;98;98;98;137;4,4;,7;
2024/05/29;0400 UTC;0;913,3;913,3;913,2;;6,6;6,4;6,7;6,6;6,5;6,4;99;98;99;147;4,2;1,7;
2024/05/29;0500 UTC;0;913,5;913,6;913,3;;6,4;6,2;6,7;6,4;6,4;6,2;99;99;99;147;5;1,5;
2024/05/29;0600 UTC;,2;913,1;913,5;913,1;0;6,5;6,3;6,7;6,4;6,5;6,2;99;99;99;152;4,3;1,9;
2024/05/29;0700 UTC;0;912,8;913,1;912,7;;6,2;6;6,6;6,1;6,4;5,9;99;99;99;136;5,5;2,2;
2024/05/29;0800 UTC;0;912,7;912,9;912,6;;6,2;6;6,3;6,2;6,1;6;99;99;99;129;5;1,7;
2024/05/29;0900 UTC;0;912,7;912,8;912,6;;6;5,8;6,3;5,9;6,1;5,7;99;99;99;134;5;2,2;
2024/05/29;1000 UTC;0;913,4;913,4;912,7;;6,1;6;6,2;6;6;5,8;99;99;99;139;5;1,9;
2024/05/29;1100 UTC;0;913,9;913,9;913,4;45,5;6,4;6,2;6,4;6;6,2;5,8;99;99;99;129;5,3;1,5;
2024/05/29;1200 UTC;0;914,6;914,7;913,9;224,4;6,9;6,7;6,9;6,3;6,7;6,1;99;99;99;137;5,6;2;
2024/05/29;1300 UTC;0;915,1;915,1;914,6;478,8;8;7,8;8;6,8;7,8;6,6;99;98;98;129;5,6;1,4;
2024/05/29;1400 UTC;0;915,2;915,2;915;848,8;8,8;7,5;9;8;8;7,4;98;92;92;126;5;1,5;
2024/05/29;1500 UTC;0;914,9;915,4;914,8;853;9,6;7,9;9,6;8,7;8,1;7,2;93;89;89;134;4;1;
2024/05/29;1600 UTC;0;914,1;914,9;914,1;1291,6;10,9;8,2;11,3;9,5;8,8;7,6;90;80;83;134;4,7;1,4;
2024/05/29;1700 UTC;0;913,7;914,2;913,7;1813,1;12,5;8,8;12,7;10,9;9,1;7,6;85;77;78;135;4,7;1,3;
2024/05/29;1800 UTC;0;913,5;913,7;913,5;2157,1;12,2;8;13,3;11,9;9,4;7,7;81;74;75;146;4,1;1,2;
2024/05/29;1900 UTC;0;913,5;913,6;913,3;1575,3;11,9;8,1;12,8;11,9;9,1;7,9;79;76;78;143;4,2;1,4;
2024/05/29;2000 UTC;0;913,6;913,7;913,5;777;10,8;8,1;12,1;10,6;8,9;7,6;84;78;83;173;3,8;1;
2024/05/29;2100 UTC;0;913,9;913,9;913,6;147,7;8,9;7,8;10,8;8,8;8,2;7,4;93;83;93;157;3,7;1,2;
2024/05/29;2200 UTC;0;913,8;914;913,8;;7,7;7;8,9;7,7;7,8;7;96;93;96;147;3,5;1,4;
2024/05/29;2300 UTC;0;913,9;914;913,8;;7,5;7;7,7;7,4;7,3;7;97;96;97;139;3,5;1,8;
2024/05/30;0000 UTC;0;913,8;913,9;913,8;;7,8;7;7,8;7,4;7,1;6,9;97;94;94;128;3,8;2;
2024/05/30;0100 UTC;0;913,9;914;913,7;;8;6,9;8,2;7,8;7,1;6,8;95;92;93;119;4,8;2,2;
2024/05/30;0200 UTC;0;913,5;914;913,5;;8,1;6,8;8,2;8;7;6,7;93;92;92;114;5,4;2,4;
2024/05/30;0300 UTC;0;913,4;913,6;913,4;;8,2;6,6;8,3;7,9;6,9;6,6;92;90;90;100;5,4;3,1;
2024/05/30;0400 UTC;0;912,9;913,5;912,9;;7,4;6;8,4;7,4;6,7;6;91;88;91;82;5,4;,9;
2024/05/30;0500 UTC;0;912,8;913;912,7;;7,6;6;7,8;7;6,3;5,5;92;90;90;36;2,9;,1;
2024/05/30;0600 UTC;0;912,3;912,7;912,2;;9,8;6,7;9,9;7,6;7,2;6;90;81;81;32;5;3,1;
2024/05/30;0700 UTC;0;912,2;912,3;912,2;;9,9;6,4;9,9;9,1;6,7;6,1;83;79;79;32;5,3;2,5;
2024/05/30;0800 UTC;0;912,3;912,3;912,2;;10,9;6,3;10,9;9,9;6,6;6,2;79;73;73;15;4,2;3,1;
2024/05/30;0900 UTC;0;912,8;912,8;912,3;;11,1;6,1;11,3;10,5;6,4;6;74;71;72;6;4,2;3,1;
2024/05/30;1000 UTC;0;913,3;913,3;912,7;;10;5,9;11,2;9,8;6,2;5,7;76;71;76;1;6,1;3,8;
2024/05/30;1100 UTC;0;913,7;913,7;913,3;141,1;9,9;5,9;10;9,5;6;5,7;77;76;76;348;7,3;5;
2024/05/30;1200 UTC;0;914;914;913,6;836,8;11;6,7;11;9,7;6,7;5,9;77;75;75;350;8;5,2;
2024/05/30;1300 UTC;0;914,5;914,5;913,9;1537,3;12,7;8,1;12,7;10,9;8,2;6,6;76;72;74;350;7,9;4,1;
2024/05/30;1400 UTC;0;914,6;914,7;914,4;2081,5;14,2;8,6;14,2;12,6;8,7;7,7;74;68;69;339;6,9;3,6;
2024/05/30;1500 UTC;0;914,4;914,7;914,4;2404,9;15,4;8,4;16,1;14,2;9,7;8,2;70;61;63;304;6,1;2,9;
2024/05/30;1600 UTC;0;914;914,4;914;2527;16,4;8,2;16,9;15,2;9,9;7,8;67;57;58;320;6,8;3;
2024/05/30;1700 UTC;0;913,6;914,1;913,6;2406,2;17,4;8,7;17,4;16,1;9,3;7,1;61;53;57;295;5,7;1,4;
2024/05/30;1800 UTC;0;913,2;913,6;913,1;2055,7;17,9;8,6;18;16,9;9,4;6,7;59;50;55;267;3,7;,3;
2024/05/30;1900 UTC;0;913,1;913,3;913;1494,3;17,5;7,7;18,2;17,2;9,3;7,1;57;51;52;83;2,4;0;
2024/05/30;2000 UTC;0;913,2;913,2;912,9;793,3;16,6;7,2;17,5;16,6;8,8;7;57;51;54;122;0;0;
2024/05/30;2100 UTC;0;913,6;913,6;913,2;134,3;15;7,3;17,4;15;8,3;6,5;60;53;60;128;0;0;
2024/05/30;2200 UTC;0;914,2;914,2;913,6;;11,9;9,3;15;11,8;9,5;7,2;85;60;85;150;2,5;1;
2024/05/30;2300 UTC;0;914,1;914,2;913,9;;11,7;6,7;11,9;11,4;9,4;6,7;86;72;72;131;2,3;1,1;
2024/05/31;0000 UTC;0;914,2;914,3;914,1;;12,7;7,2;12,8;11,1;7,5;6,6;77;69;69;109;2,4;1,2;
2024/05/31;0100 UTC;0;914,3;914,3;914;;11,2;7,2;12,8;10,5;7,8;6,4;81;68;76;122;2,9;1,3;
2024/05/31;0200 UTC;0;914,5;914,5;914,2;;11,3;7,6;11,6;10,7;7,6;7,2;80;75;78;101;3,7;1,9;
2024/05/31;0300 UTC;0;914,3;914,5;914,2;;10;8;11,5;9,6;8,1;7,1;87;78;87;94;3,7;,9;
2024/05/31;0400 UTC;0;914,2;914,4;914,2;;10;7,3;11,2;9,4;8,2;6,6;87;79;84;84;3,5;,9;
2024/05/31;0500 UTC;0;913,8;914,2;913,8;;10,8;6,8;11,1;10;7,5;6,5;84;75;76;26;3,5;,4;
2024/05/31;0600 UTC;0;913,3;913,8;913,2;;12;7,1;12,7;10,6;7,3;6,5;77;69;72;22;5,3;2,6;
2024/05/31;0700 UTC;0;913,1;913,3;913;;11,2;7,8;12;10,9;7,9;7;81;72;80;24;5,6;2,8;
2024/05/31;0800 UTC;0;912,8;913,1;912,8;;11,2;8;11,4;10,9;8;7,7;82;79;81;25;5,7;3,4;
2024/05/31;0900 UTC;0;913;913;912,8;;11;8;11,4;10,8;8,1;7,8;82;80;81;8;6,4;3,8;
2024/05/31;1000 UTC;0;913,8;913,8;913;;10,6;7,8;11,1;10,5;8;7,7;83;81;83;6;6,3;3,4;
2024/05/31;1100 UTC;0;914,1;914,2;913,7;133,5;11,2;6,4;11,2;10,2;7,8;6,4;83;72;72;8;6,9;3,7;
2024/05/31;1200 UTC;0;914,2;914,3;914,1;821,2;12,8;6,3;12,8;11,2;6,4;6;72;63;64;4;6,3;3,5;
2024/05/31;1300 UTC;0;914,7;914,7;914,2;1526,4;14;6,9;14,1;12,8;7,2;6,1;65;60;62;356;6,5;3,9;
2024/05/31;1400 UTC;0;914,6;914,8;914,6;2070,5;15,8;7,4;16,1;14;8,4;6,7;65;55;58;3;6;2,7;
2024/05/31;1500 UTC;0;913,9;914,6;913,9;2414;17,2;6,8;18,1;15,8;8,5;6,6;58;49;50;48;5,2;1,5;
2024/05/31;1600 UTC;0;913,4;913,9;913,4;2531,8;17,9;5,6;18,4;17,2;7,8;4,9;53;43;45;22;4,7;1,8;
2024/05/31;1700 UTC;0;913;913,5;913;2414,7;18,7;7,3;19;17,9;7,3;4,4;47;40;47;62;4,5;1,8;
2024/05/31;1800 UTC;0;912,6;913;912,5;2026,5;18,5;6,1;19,6;18,3;7,6;4,8;48;40;44;19;3,5;1,4;
2024/05/31;1900 UTC;0;912,5;912,6;912,4;1498,9;18,8;6,4;19;18,3;7,3;5,4;49;42;44;16;3,6;,7;
2024/05/31;2000 UTC;0;912,4;912,5;912,3;820,7;17,4;7;18,8;17,4;7,2;6,3;51;44;50;9;3,5;2,1;
2024/05/31;2100 UTC;0;912,6;912,6;912,4;145,2;16;6,4;17,4;15,9;7,1;6,2;53;50;53;355;4,4;2,5;
2024/05/31;2200 UTC;0;912,6;912,6;912,5;;15,2;7;16;15,2;7,1;6,3;58;53;58;31;4,5;2,1;
2024/05/31;2300 UTC;0;912,6;912,8;912,6;;14,2;6,2;15,3;14,1;7;5,4;59;52;59;51;5,2;2,9;
2024/06/01;0000 UTC;0;912,5;912,6;912,4;;13,7;7,8;14,2;13,7;7,8;6,3;67;59;67;15;6,4;3,2;
2024/06/01;0100 UTC;0;912,2;912,5;912,2;;13,2;6,6;13,9;12,8;7,9;6,6;68;64;64;19;10,6;5;
2024/06/01;0200 UTC;0;912,2;912,3;912,1;;12,1;8,1;13,2;12,1;8,1;6,7;76;64;76;16;10,6;4,4;
2024/06/01;0300 UTC;0;912,3;912,6;912,2;;10,9;8,3;12,1;10,8;8,3;8,1;84;76;84;10;9,1;3,9;
2024/06/01;0400 UTC;0;912,3;912,3;912;;10,6;7,5;11,1;10,5;8,3;7,5;84;80;81;2;8,9;3,8;
2024/06/01;0500 UTC;0;912,2;912,5;912,2;;10,2;7,4;10,7;10,2;7,5;7,3;83;81;83;360;8,6;4,4;
2024/06/01;0600 UTC;0;911,5;912,2;911,5;;10,2;7,6;10,4;9,9;7,7;7,4;85;83;84;14;10,4;4,9;
2024/06/01;0700 UTC;0;911,3;911,6;911,2;;9,9;7,6;10,4;9,9;7,8;7,5;85;83;85;22;10,4;3,4;
2024/06/01;0800 UTC;0;911,1;911,4;911;;9,9;7,6;10,3;9,8;7,9;7,5;86;85;86;14;10,9;4;
2024/06/01;0900 UTC;0;911,2;911,3;911;;9,6;7,5;10,1;9,5;7,8;7,4;87;85;87;19;9,6;3,6;
2024/06/01;1000 UTC;0;912,1;912,1;911,2;;9,3;7,3;9,6;9,2;7,5;7,3;88;86;88;17;9,9;3,8;
2024/06/01;1100 UTC;0;913;913;912,1;130,7;9,8;7,6;9,8;9,1;7,6;7,2;89;86;86;9;8,8;3,4;
2024/06/01;1200 UTC;0;913,5;913,5;913;814,3;11,4;8;11,4;9,9;8;7,6;86;79;80;11;9,2;4,1;
2024/06/01;1300 UTC;0;913,9;914;913,5;1461,2;13;8,1;13;11,3;8,4;7,8;80;73;73;7;9,4;4,7;
2024/06/01;1400 UTC;0;914;914,3;913,9;2029,7;15,3;8,5;15,4;12,9;9,6;8,3;74;64;64;354;8,5;4,7;
2024/06/01;1500 UTC;0;913,6;914,1;913,6;2368;16,9;8,9;16,9;15,2;9,5;8,2;65;58;59;355;8,9;4,6;
2024/06/01;1600 UTC;0;912,9;913,7;912,9;2496,8;17,3;7,8;17,8;16,9;9,9;7,5;61;53;54;350;9,7;5,5;
2024/06/01;1700 UTC;0;912,5;912,9;912,5;2460,6;18,7;9,4;18,7;17,3;9,4;7,7;56;51;55;354;9,7;3,8;
2024/06/01;1800 UTC;0;912;912,5;912;1680,7;17,7;8,1;18,8;17,6;9,5;7,5;56;49;54;349;7,7;4,1;
2024/06/01;1900 UTC;0;911,8;912;911,7;1357,1;17,8;8,7;18,7;17,7;9,7;7,6;58;51;56;354;7,9;3,4;
2024/06/01;2000 UTC;0;912;912,2;911,8;813,2;17,6;9,9;18,2;17,4;10,1;8,7;61;56;61;357;7,4;3,5;
2024/06/01;2100 UTC;0;911,6;912;911,5;168,2;16,4;10,2;17,6;16,3;10,3;9,9;67;61;67;357;6,6;3,8;
2024/06/01;2200 UTC;0;912,1;912,1;911,6;;16,5;9,8;16,8;16,1;10,2;9,5;68;63;65;352;9,3;4,1;
2024/06/01;2300 UTC;0;912;912,1;911,9;;16,5;9,1;16,6;16,2;9,9;9,1;65;62;62;354;7,4;4,7;
2024/06/02;0000 UTC;0;912,3;912,3;912;;16,7;9,3;16,7;16,2;9,5;9,1;64;62;62;352;8,7;4,6;
2024/06/02;0100 UTC;0;912,1;912,3;912;;16,4;8,9;16,9;16,4;9,3;8,9;62;60;61;351;7,1;4,3;
2024/06/02;0200 UTC;0;912,2;912,2;912;;15,7;8,3;16,5;15,6;8,9;8,3;63;60;61;355;6,7;3,1;
2024/06/02;0300 UTC;0;911,9;912,2;911,8;;15,6;8,4;15,7;15,4;8,4;8,2;63;61;62;349;9;5,7;
2024/06/02;0400 UTC;0;912;912;911,8;;15;8,6;15,6;15;8,7;8,4;66;62;66;350;9,2;5,8;
2024/06/02;0500 UTC;0;912;912,1;911,9;;14,4;9,1;15;14,2;9,2;8,6;71;66;71;353;8,4;4,7;
2024/06/02;0600 UTC;0;911,8;912,1;911,8;;14,3;9,4;14,5;14,2;9,5;9,1;72;70;72;358;6,7;4,4;
2024/06/02;0700 UTC;0;911,6;911,8;911,6;;14,1;10;14,6;14;10;9,5;76;72;76;356;6,8;4,3;
2024/06/02;0800 UTC;0;911,6;911,7;911,5;;13,8;10,2;14,1;13,7;10,2;9,9;79;76;79;1;6,4;3,1;
2024/06/02;0900 UTC;0;911,9;911,9;911,6;;13,9;10,4;14,3;13,8;10,4;10,1;79;77;79;356;6,1;3,5;
2024/06/02;1000 UTC;0;912,4;912,4;911,9;;13,9;10,3;14,1;13,8;10,5;10,2;79;78;79;6;6;2,9;
2024/06/02;1100 UTC;0;912,8;912,8;912,4;112,2;14,5;10,4;14,5;13,8;10,4;10,1;79;76;76;6;5,7;2,4;
2024/06/02;1200 UTC;0;912,8;912,9;912,7;737,7;16,5;10,8;16,5;14,5;10,9;10,3;76;69;69;360;6,4;2,3;
2024/06/02;1300 UTC;0;912,8;912,9;912,7;1417,1;18,3;11,3;18,3;16,5;11,6;10,5;69;64;64;357;7,2;2,3;
2024/06/02;1400 UTC;0;912,4;912,9;912,4;1939;19,7;10,9;20,2;18,3;12,5;10,9;65;57;57;360;8,3;3,4;
2024/06/02;1500 UTC;0;912,2;912,5;912,2;2274,7;20,7;11,6;21,1;19,7;12,1;10,9;59;53;56;346;10,7;5;
2024/06/02;1600 UTC;0;912;912,3;912;2387,9;21,5;12;21,7;20,5;12,2;11,1;57;53;55;339;10;4,5;
2024/06/02;1700 UTC;0;911,4;912;911,3;2267,6;22,3;12,5;22,3;21,2;12,7;11,5;56;53;54;344;9,3;3,7;
2024/06/02;1800 UTC;0;911;911,4;911;1934;22,4;11,9;22,6;22;12,7;11,4;55;50;51;338;8,7;4,5;
2024/06/02;1900 UTC;0;910,9;911;910,6;1413,6;22,3;11,8;22,6;22,2;12,2;11,1;52;49;51;350;8,5;3,6;
2024/06/02;2000 UTC;0;910,9;910,9;910,8;657,3;21,3;11;22,4;21,3;11,9;10,7;52;48;52;345;7,3;2,9;
2024/06/02;2100 UTC;0;911,2;911,2;910,8;121,4;19,9;11,2;21,3;19,9;11,3;11;57;52;57;354;5;2,5;
2024/06/02;2200 UTC;0;911,3;911,3;911,1;;19,8;11,1;20,2;19,6;11,3;11,1;58;56;57;359;4,3;2,3;
2024/06/02;2300 UTC;0;911,9;911,9;911,2;;20,1;11;20,2;19,4;11,1;10,9;58;55;56;9;5,3;1,4;
2024/06/03;0000 UTC;0;912,3;912,3;911,9;;19,8;10,8;20,5;19,7;11;10,7;56;54;56;9;3,9;1,8;
2024/06/03;0100 UTC;0;912,6;912,6;912,2;;18,9;11,1;19,9;18,9;11,1;10,7;60;56;60;360;4,9;1,9;
2024/06/03;0200 UTC;0;913,4;913,4;912,6;;18,6;11,5;19;18,6;11,5;11,1;64;60;64;347;5,4;3,4;
2024/06/03;0300 UTC;0;913,7;913,7;913,3;;18,3;11,7;18,7;18,2;11,8;11,5;65;64;65;348;5,4;3,6;
2024/06/03;0400 UTC;0;914;914;913,7;;18;11,7;18,4;17,9;11,8;11,6;67;65;67;342;5,8;3,4;
2024/06/03;0500 UTC;0;913,6;914;913,6;;17,7;11,8;18,2;17,4;11,8;11,6;69;66;68;351;6,6;4,6;
2024/06/03;0600 UTC;0;912,9;913,6;912,9;;17,4;11,6;17,9;17,3;11,8;11,5;69;67;69;347;7,1;4,4;
2024/06/03;0700 UTC;0;912,6;913;912,6;;17,7;11,4;17,9;17,3;11,6;11,3;69;66;66;349;7,6;4,9;
2024/06/03;0800 UTC;0;912,5;912,7;912,5;;17,7;11,2;18;17,5;11,4;11,2;67;65;66;342;7,3;4,4;
2024/06/03;0900 UTC;0;912,7;912,7;912,4;;17,7;11,1;17,9;17,5;11,2;11;66;65;65;335;7,5;4,6;
2024/06/03;1000 UTC;0;912,9;912,9;912,6;;17,1;10,9;17,8;17,1;11;10,8;67;64;67;339;7,5;4;
2024/06/03;1100 UTC;0;913,2;913,2;912,9;107,7;17,4;10,9;17,5;16,7;10,9;10,8;68;65;66;332;8,9;4,7;
2024/06/03;1200 UTC;0;914;914;913,2;570,9;17,9;11;18,2;17,4;11,2;10,8;65;63;64;323;8,4;5,3;
2024/06/03;1300 UTC;0;914,4;914,5;914;1125,1;19,5;11,1;20;17,9;12;10,8;64;57;58;322;9,3;5,2;
2024/06/03;1400 UTC;0;914,3;914,5;914,3;767;18,9;11,2;19,9;18,8;12;11,1;63;58;61;319;8,7;6;
2024/06/03;1500 UTC;0;914,7;914,8;914,2;768,2;19;11,8;19,7;18,9;12,2;10,6;64;56;63;249;9,9;2,1;
2024/06/03;1600 UTC;0;914;914,8;914;1475,5;20,7;13,3;21,3;19;13,7;12;66;58;63;261;4,4;1,5;
2024/06/03;1700 UTC;0;913,7;914;913,6;1739,3;19,4;13,8;21,7;19,4;14,9;12,5;71;60;70;190;3,4;1,3;
2024/06/03;1800 UTC;0;913;913,7;913;1413,4;21,2;14,2;21,6;19,3;15,4;13,8;74;64;65;108;3,4;0;
2024/06/03;1900 UTC;0;912,8;913;912,8;1033,2;19,9;13,9;21,6;19,6;15;13,7;72;64;69;201;3,1;1,3;
2024/06/03;2000 UTC;0;912,9;913;912,8;668,2;18,8;14,1;20,4;18,8;14,7;13,9;74;68;74;176;2,9;,9;
2024/06/03;2100 UTC;0;913;913;912,9;103,9;16,2;13,8;18,8;16,2;14,2;13,5;86;74;86;158;3,7;,6;
2024/06/03;2200 UTC;0;913,2;913,2;913;;15,9;14,9;16,2;15,8;14,9;13,8;94;86;94;159;3,2;1,4;
2024/06/03;2300 UTC;0;913,4;913,4;913,2;;15;14,3;15,9;15;14,9;14,3;96;94;96;164;3,5;1,4;
2024/06/04;0000 UTC;0;913,4;913,4;913,3;;14,2;13,6;15;14,1;14,3;13,6;97;96;97;174;3;,6;
2024/06/04;0100 UTC;0;913,6;913,7;913,4;;14,2;13,8;14,4;14,1;13,9;13,6;97;97;97;176;2,1;0;
2024/06/04;0200 UTC;0;913,6;913,6;913,5;;14;13,6;14,2;14;13,8;13,6;98;97;98;141;2;0;
2024/06/04;0300 UTC;0;913,3;913,6;913,3;;13,8;13,4;14;13,8;13,7;13,4;98;98;98;125;2;,2;
2024/06/04;0400 UTC;0;913;913,4;913;0;13,8;13,4;13,8;13,7;13,5;13,4;98;98;98;131;2,8;1,1;
2024/06/04;0500 UTC;0;913,1;913,2;913;;13,8;13,5;13,9;13,7;13,6;13,4;98;98;98;116;3,6;,8;
2024/06/04;0600 UTC;0;912,8;913,1;912,8;1,3;13,8;13,5;13,8;13,7;13,5;13,4;98;98;98;114;2,8;,3;
2024/06/04;0700 UTC;0;912,2;912,8;912,2;,1;13,4;13,1;13,8;13,4;13,5;13,1;98;98;98;86;2,6;1,3;
2024/06/04;0800 UTC;0;911,8;912,2;911,8;;13,1;12,9;13,4;13,1;13,1;12,9;98;98;98;87;2,2;0;
2024/06/04;0900 UTC;0;911,9;911,9;911,7;;12,9;12,6;13,2;12,8;12,9;12,6;98;98;98;50;1,4;,3;
2024/06/04;1000 UTC;,2;912,6;912,6;911,9;;12,6;12,3;12,9;12,4;12,6;12,2;98;98;98;37;2,1;,8;
2024/06/04;1100 UTC;0;912,9;912,9;912,6;104,7;15,4;12,9;15,5;12,6;14,8;12,4;98;85;85;5;5,4;3,5;
2024/06/04;1200 UTC;0;913,4;913,4;912,9;687,4;17,4;13;17,4;15,3;13,1;12,6;85;75;75;350;7,2;3,6;
2024/06/04;1300 UTC;0;913,8;913,8;913,4;1338,7;18,4;13,2;18,6;17,4;13,6;12,8;76;72;72;356;7;4,5;
2024/06/04;1400 UTC;0;914,1;914,1;913,8;1824,4;19,9;14,2;20;18,2;14,3;13,1;74;68;70;348;7;3,8;
2024/06/04;1500 UTC;0;913,9;914,1;913,9;2187,4;21,7;14,9;21,8;19,9;15,4;14;70;64;65;347;6,1;2,9;
2024/06/04;1600 UTC;0;913,3;913,9;913,3;2158;22,1;15;22,4;21,1;15,1;13,9;66;61;64;346;6,3;3;
2024/06/04;1700 UTC;0;912,5;913,3;912,5;2113;22,4;14,6;23,1;22,1;15,4;14,1;64;59;61;340;5,8;2,7;
2024/06/04;1800 UTC;0;912,2;912,5;912,2;1772,2;21,9;14,4;23,1;21,9;15,4;14,2;62;59;62;342;5,9;2,2;
2024/06/04;1900 UTC;0;912;912,2;912;901,7;21,5;14,5;22,2;21,5;15,2;14,5;65;62;64;342;4,5;2,3;
2024/06/04;2000 UTC;0;911,9;912;911,8;492;20,5;14,8;21,8;20,5;15,2;14,3;70;64;70;352;4;2,4;
2024/06/04;2100 UTC;0;912,1;912,1;911,9;81,3;20;14,2;20,5;19,8;14,8;14,2;72;69;69;353;3,7;2,4;
2024/06/04;2200 UTC;0;912,6;912,6;912,1;;19,8;14,2;20,2;19,8;14,3;14;70;68;70;353;3,3;2;
2024/06/04;2300 UTC;0;912,7;912,7;912,5;;19,5;14,3;20,2;19,4;14,4;14,2;72;69;72;2;3,7;2,2;
2024/06/05;0000 UTC;0;913,2;913,2;912,7;;18,5;14,8;19,6;18,5;14,9;14,3;79;72;79;7;4;2,2;
2024/06/05;0100 UTC;0;913,5;913,5;913,2;;17,4;14,5;18,5;17,4;14,9;14,5;83;79;83;8;5,2;3,5;
2024/06/05;0200 UTC;0;913,8;913,9;913,5;;16;13,8;17,5;16;14,6;13,8;87;83;87;17;6,6;3,7;
2024/06/05;0300 UTC;0;913,7;913,9;913,7;;15,6;13,8;16,1;15,6;13,9;13,7;89;87;89;4;6,5;3,2;
2024/06/05;0400 UTC;0;913,4;913,7;913,4;;15,2;13,6;15,6;15,1;13,8;13,5;90;89;90;1;7;4,9;
2024/06/05;0500 UTC;0;913,6;913,8;913,4;;14,9;13,5;15,5;14,9;13,8;13,4;91;89;91;1;9,2;4,2;
2024/06/05;0600 UTC;0;913,3;913,6;913,2;;14,8;13,4;14,9;14,6;13,5;13,3;92;91;91;354;8,5;5,5;
2024/06/05;0700 UTC;0;913;913,4;913;;15;13,5;15,1;14,8;13,6;13,4;92;91;91;347;8,5;5,1;
2024/06/05;0800 UTC;0;912,8;913;912,7;;15,1;13,5;15,4;14,9;13,8;13,4;91;90;90;342;7,3;4,2;
2024/06/05;0900 UTC;0;913;913;912,7;;15,4;13,7;15,4;15,1;13,8;13,5;91;89;90;345;7;4,7;
2024/06/05;1000 UTC;0;913,3;913,3;913;;15,5;13,6;15,5;15,1;13,7;13,5;90;89;89;343;6,8;4,5;
2024/06/05;1100 UTC;0;913,4;913,4;913,2;109,5;16;13,8;16;15,4;13,8;13,5;89;87;87;341;7,4;4,4;
2024/06/05;1200 UTC;0;913,8;913,8;913,4;411,4;16,8;14,2;16,8;15,9;14,2;13,7;87;84;85;331;7,4;4,2;
2024/06/05;1300 UTC;0;914,4;914,4;913,8;1284,4;18,7;14,6;18,9;16,8;14,9;14;85;76;77;337;7,7;3,2;
2024/06/05;1400 UTC;0;914,6;914,7;914,4;1853;20;15,3;20;18,6;15,3;14,5;78;73;75;347;5,6;3,6;
2024/06/05;1500 UTC;0;913,9;914,6;913,9;2167,2;21,4;15,1;22;20;16,1;14,3;75;65;67;346;5,8;3,7;
2024/06/05;1600 UTC;0;913,1;914;913,1;2314,7;22,2;14,5;22,8;21,3;15,7;13,6;68;58;62;351;6,1;3,1;
2024/06/05;1700 UTC;0;912,1;913,1;912,1;2221,5;23;15,2;23;21,9;15,3;13,6;63;57;62;341;6,6;2,9;
2024/06/05;1800 UTC;0;911,7;912,1;911,7;1888,6;22,5;13,9;23,1;22,4;15,1;13,5;61;56;58;335;6,5;2,8;
2024/06/05;1900 UTC;0;911,4;911,7;911,4;1372,4;21,9;13,6;22,7;21,9;14,3;13,2;59;56;59;335;6,8;2,9;
2024/06/05;2000 UTC;0;911,4;911,5;911,3;719,8;21,2;13,8;22,1;21,2;14,2;13,5;64;59;63;330;5;1,5;
2024/06/05;2100 UTC;0;911,5;911,5;911,3;114,9;19,5;13,8;21,2;19,4;13,9;13,6;70;63;70;328;3,8;1,9;
2024/06/05;2200 UTC;0;911,8;911,8;911,5;;19,8;13,5;19,8;19,4;13,9;13,4;70;67;67;342;3,7;1,8;
2024/06/05;2300 UTC;0;912,3;912,3;911,8;;19,5;13,5;19,8;19,3;13,6;13,3;69;67;68;6;3;2,1;
2024/06/06;0000 UTC;0;912,5;912,6;912,3;;19,4;13,7;19,8;19,4;13,7;13,5;70;67;70;2;4,2;2,2;
2024/06/06;0100 UTC;0;912,7;912,7;912,3;;19,4;14,1;19,5;19,2;14,1;13,6;72;69;72;355;4,8;2,9;
2024/06/06;0200 UTC;0;912,8;912,9;912,7;;18,8;13,8;19,5;18,8;14,3;13,6;73;71;72;358;5;2,6;
2024/06/06;0300 UTC;0;913;913,1;912,8;;18,4;13,1;18,9;18,4;13,8;13;74;69;71;354;5,9;3,5;
2024/06/06;0400 UTC;0;912,9;913;912,8;;17,1;13,1;18,4;16,9;13,6;13,1;79;72;77;359;5,8;3,4;
2024/06/06;0500 UTC;0;912,9;913;912,7;;16,8;12,6;17,2;16,7;13,1;12,5;78;76;76;358;5,8;3,5;
2024/06/06;0600 UTC;0;912,6;912,9;912,5;;16,6;11,9;17,2;16,5;12,6;11,9;76;72;74;1;5,9;2,9;
2024/06/06;0700 UTC;0;912,2;912,6;912,2;;16;11,5;16,6;16;11,9;11,5;75;72;75;7;5,7;3,1;
2024/06/06;0800 UTC;0;911,8;912,2;911,8;;16,2;11,3;16,4;15,6;11,6;11,3;76;72;73;358;6,7;4,3;
2024/06/06;0900 UTC;0;912,2;912,2;911,7;;16,3;11,1;16,4;16,1;11,3;11;73;71;71;8;6,7;2,4;
2024/06/06;1000 UTC;0;912,7;912,8;912,2;;16,7;10,9;16,9;16,3;11,2;10,8;71;68;68;10;4,2;2,4;
2024/06/06;1100 UTC;0;912,8;912,8;912,4;113,3;17,3;10,6;17,3;16,5;10,9;10,6;69;65;65;356;5,5;3,3;
2024/06/06;1200 UTC;0;913,5;913,5;912,8;688,8;18,2;11;18,3;17,1;11,2;10,6;66;62;63;349;5,5;2,6;
2024/06/06;1300 UTC;0;914,4;914,4;913,5;1380;19,3;11,2;19,7;18,2;12,5;11;65;59;60;359;4,2;1;
2024/06/06;1400 UTC;0;914,4;914,6;914,3;1918,4;20,7;11,2;21;19,2;13,3;11,1;62;55;55;2;4,3;1,8;
2024/06/06;1500 UTC;0;913,8;914,4;913,8;2075,3;21,6;12,3;21,8;20,7;13;11,2;59;53;55;350;4,7;1,8;
2024/06/06;1600 UTC;0;913,2;913,8;913,2;2072;21,8;11,8;22,3;21,5;12,8;10,6;56;49;53;2;5,4;2,1;
2024/06/06;1700 UTC;0;912,8;913,3;912,8;2039,4;23;13,3;23;21,7;13,3;11;57;48;54;10;4,4;1,1;
2024/06/06;1800 UTC;0;912,6;912,8;912,5;1869,9;22,6;10,4;23,3;22,5;12,7;10,4;54;46;46;338;4,8;1,7;
2024/06/06;1900 UTC;0;912,4;912,7;912,4;1239,6;22,4;10,9;23,3;21,5;12,2;10,6;52;46;48;346;4,1;1,7;
2024/06/06;2000 UTC;0;912,4;912,5;912,3;655,9;20,9;10,1;22,4;20,9;11,2;9,9;50;46;50;348;3,3;2,1;
2024/06/06;2100 UTC;0;912,4;912,4;912,3;96,3;20,3;9,9;21;20,2;10,1;9,8;52;49;51;354;3,5;2;
2024/06/06;2200 UTC;0;912,5;912,5;912,4;;20,3;10;20,5;19,8;10,1;9,5;53;50;52;2;3,5;2,5;
2024/06/06;2300 UTC;0;912,6;912,7;912,5;;19,9;10,3;20,4;19,7;10,7;10,1;55;52;54;24;3,2;1,8;
2024/06/07;0000 UTC;0;912,9;912,9;912,6;;20,2;9,8;20,3;19,9;10,5;9,7;54;51;51;28;3,5;2;
2024/06/07;0100 UTC;0;913,1;913,2;912,9;;19,5;9,7;20,2;19,5;9,9;9,7;53;51;53;39;3,8;2,2;
2024/06/07;0200 UTC;0;913,4;913,4;913,1;;19,3;10;19,8;18,7;10,1;9,7;56;52;55;41;3,6;1,7;
2024/06/07;0300 UTC;0;913,3;913,4;913,2;;19,2;10,4;19,9;18,7;10,4;9,9;57;54;57;40;4,1;2,1;
2024/06/07;0400 UTC;0;913,1;913,4;913,1;;17,8;10,4;19,5;17,7;10,5;10,2;62;56;62;40;3,5;1,2;
2024/06/07;0500 UTC;0;913,2;913,3;913,1;;17,9;11,3;18,2;17,5;11,3;10,3;65;61;65;30;4,3;2,6;
2024/06/07;0600 UTC;0;913,2;913,3;913,1;;17,8;11;17,9;17,4;11,3;11;67;65;65;11;4,4;2,9;
2024/06/07;0700 UTC;0;913;913,2;913;;18;10,9;18,4;17,8;11;10,8;64;62;63;352;4,8;3;
2024/06/07;0800 UTC;0;913;913,1;913;;17,2;11,5;18,2;17,1;11,5;10,9;69;63;69;355;4,7;2,4;
2024/06/07;0900 UTC;0;913,3;913,3;913;;17,1;11,3;17,3;16,6;11,5;11,2;71;69;69;359;5,3;3,3;
2024/06/07;1000 UTC;0;913,8;913,8;913,3;;16,8;11,4;17,1;16,6;11,4;11,1;71;68;71;358;4,8;3,6;
2024/06/07;1100 UTC;0;914,5;914,5;913,8;72,2;17,2;11,6;17,5;16,8;11,7;11,4;71;69;69;358;4,9;2,9;
2024/06/07;1200 UTC;0;915;915,1;914,5;653;18,9;12,5;18,9;17,2;12,5;11,6;70;65;67;346;4,4;2,3;
2024/06/07;1300 UTC;0;915,5;915,5;915;1322,1;20,2;12,8;20,2;18,9;13,3;12,2;66;63;63;346;4,3;2,3;
2024/06/07;1400 UTC;0;915,5;915,7;915,5;1868,1;21,3;13,4;21,3;20,1;13,8;12,5;65;60;61;352;4,6;2,4;
2024/06/07;1500 UTC;0;915,3;915,5;915,3;2186,3;22,1;13,4;22,4;21,1;14,1;12,8;63;57;58;347;5,1;2,7;
2024/06/07;1600 UTC;0;914,5;915,3;914,5;1879,6;21,6;13,3;23,3;21,6;14,4;12,2;60;53;59;335;5,5;2;
2024/06/07;1700 UTC;0;913,6;914,5;913,6;1207,6;22,6;11,9;23;21,6;13,7;11;59;49;51;331;4,9;,7;
2024/06/07;1800 UTC;0;913,4;913,7;913,4;1262;22,2;11,9;23,8;21,7;13,1;11,2;55;45;52;301;4,3;2;
2024/06/07;1900 UTC;0;913,1;913,5;913,1;969,8;22,4;12;23,4;21,6;13,4;11,9;57;49;52;256;3,3;0;
2024/06/07;2000 UTC;0;913,2;913,2;913;313,6;20,8;11,6;22,4;20,8;12,7;11,4;58;50;56;294;0;0;
2024/06/07;2100 UTC;0;913,3;913,3;913;103,5;20,6;11,7;21,3;20,4;11,8;11,4;57;54;57;331;2,5;1,1;
2024/06/07;2200 UTC;0;913,6;913,6;913,3;;20,4;11,4;20,9;20,3;12;11,4;58;55;56;7;2,3;1;
2024/06/07;2300 UTC;0;913,8;913,8;913,5;;19,9;11,4;20,8;19,8;11,6;11,2;58;55;58;41;1,7;0;
2024/06/08;0000 UTC;0;913,9;914;913,7;;17,4;11,7;19,9;17,4;12,2;11,3;69;58;69;59;,6;0;
2024/06/08;0100 UTC;0;914,1;914,2;913,9;;17,1;12;18;17;12,4;11,6;72;69;72;58;2,5;,3;
2024/06/08;0200 UTC;0;914,1;914,2;914,1;;17,7;12,1;18;17,1;12,4;11,8;73;69;70;82;3,6;1,5;
2024/06/08;0300 UTC;0;914;914,1;913,9;;16,9;11,9;17,8;16,5;12,2;11,6;73;69;72;62;3,3;1;
2024/06/08;0400 UTC;0;913,9;914;913,7;;17;11,8;17,2;16,8;12;11,6;73;71;71;51;3,4;,3;
2024/06/08;0500 UTC;0;913,5;913,9;913,4;;18,1;11,6;18,7;16,5;12,2;11,6;74;64;66;23;4,4;2,5;
2024/06/08;0600 UTC;0;912,9;913,5;912,9;;17,8;11,8;18,1;17,2;11,8;11,6;70;66;68;33;6,1;2,3;
2024/06/08;0700 UTC;0;912,8;912,9;912,7;;17,3;11,9;17,8;17,3;11,9;11,7;70;68;70;27;5,9;2,4;
2024/06/08;0800 UTC;0;912,6;912,8;912,6;;17;12;17,5;16,9;12,1;11,9;73;70;72;26;5,4;2,1;
2024/06/08;0900 UTC;0;913;913;912,6;;15,7;11,8;17,3;15,7;12;11,6;78;71;77;41;4,4;,2;
2024/06/08;1000 UTC;0;913,6;913,6;913;;16,7;11,7;17;15,2;12;11,5;79;71;72;7;4,1;2;
2024/06/08;1100 UTC;0;914;914;913,6;77,1;16,6;11,8;16,8;16,3;11,8;11,6;74;72;73;21;4;2,1;
2024/06/08;1200 UTC;0;914,4;914,4;914;608,3;17,9;12,1;18;16,6;12,3;11,8;73;68;69;26;4,6;1,1;
2024/06/08;1300 UTC;0;914,8;914,8;914,4;1239,9;19,5;13,2;19,8;17,9;13,4;12,1;70;64;67;52;4,1;1,5;
2024/06/08;1400 UTC;0;914,6;914,8;914,5;1766,9;20,6;13,2;21;19,5;14,1;12,9;68;62;63;42;5,3;1,3;
2024/06/08;1500 UTC;0;914,1;914,6;914,1;2146,6;21,8;13,1;22;20,5;14;13;65;57;58;14;5,5;1,5;
2024/06/08;1600 UTC;0;913,1;914,1;913,1;2283,1;22,8;13,3;23;21,8;14,4;12,7;60;54;55;354;6,6;1,9;
2024/06/08;1700 UTC;0;912,2;913,1;912,2;2180,1;22,8;12,4;23,4;22,3;13,7;12,1;57;51;52;353;8;4,2;
2024/06/08;1800 UTC;0;911,6;912,2;911,6;1810,7;22,7;12,9;23;22,4;13,4;12,4;55;51;54;346;8,6;4;
2024/06/08;1900 UTC;0;911,3;911,6;911,2;1304,3;22,6;12,8;22,8;22,5;13,1;12,2;55;52;54;348;8,7;4,1;
2024/06/08;2000 UTC;0;910,8;911,3;910,8;681,2;21,5;12,8;22,6;21,5;13;12,4;58;53;58;350;7,9;4,1;
2024/06/08;2100 UTC;0;910,7;910,9;910,6;144,4;20,3;13,3;21,5;20,3;13,4;12,8;64;58;64;358;7,9;2,3;
2024/06/08;2200 UTC;0;910,7;910,8;910,7;;19,7;13,1;20,4;19,6;13,4;13;66;64;66;11;5,5;2,2;
2024/06/08;2300 UTC;0;910,4;910,7;910,4;;19,8;13;20,1;19,5;13,2;12,9;66;64;65;2;6,4;3,1;
2024/06/09;0000 UTC;0;910,5;910,5;910,3;;19,4;13;19,8;19,3;13,1;12,9;67;65;67;13;7,6;3,1;
2024/06/09;0100 UTC;0;910,5;910,5;910,3;;19,4;12,7;19,6;19,2;13;12,6;67;65;65;359;11,6;5,1;
2024/06/09;0200 UTC;0;910,4;910,6;910,4;;18,3;12,7;19,6;18,3;12,8;12,6;70;65;70;11;9,8;3,5;
2024/06/09;0300 UTC;0;910;910,4;910;;18;12,8;18,5;17,9;12,8;12,6;72;69;72;3;9,3;4,4;
2024/06/09;0400 UTC;0;909,8;910;909,8;;17,5;12,8;18,1;17,3;12,9;12,7;74;72;74;12;11,2;3,9;
2024/06/09;0500 UTC;0;909,6;909,8;909,5;;17;12,8;17,5;16,8;12,8;12,7;77;74;76;13;9,6;3,4;
2024/06/09;0600 UTC;0;909,3;909,6;909,2;;17,2;12,3;17,6;16,8;12,7;12,3;76;72;73;13;7,9;3,1;
2024/06/09;0700 UTC;0;909;909,3;909;;16,5;12,1;17,3;16,5;12,3;12,1;75;73;75;11;8,6;2,8;
2024/06/09;0800 UTC;0;908,5;909;908,5;;16,1;12,1;16,5;16;12,2;12;77;75;77;25;8,2;2,1;
2024/06/09;0900 UTC;0;908,7;908,8;908,5;;15,7;12,1;16,2;15,5;12,2;11,9;80;77;79;51;8,5;1,3;
2024/06/09;1000 UTC;0;909,2;909,2;908,7;;15,8;11,9;15,9;15,5;12,1;11,9;80;77;77;20;8,2;2,1;
2024/06/09;1100 UTC;0;909,6;909,6;909,2;96,5;16,4;11,9;16,5;15,7;12;11,8;78;74;75;12;7,3;2,4;
2024/06/09;1200 UTC;0;909,9;909,9;909,5;705,3;17,8;12,3;17,8;16,4;12,3;11,9;75;70;70;6;7,8;2,5;
2024/06/09;1300 UTC;0;910;910;909,8;1352;19,1;12,8;19,1;17,8;12,9;12,2;70;67;67;5;8,8;4;
2024/06/09;1400 UTC;0;909,7;910,1;909,6;1893,7;20,6;13,1;20,7;19;13,4;12,5;67;61;62;353;10,4;4,7;
2024/06/09;1500 UTC;0;909,1;909,7;909;2262,4;21,8;13,7;21,8;20,6;13,7;12,8;63;59;60;347;12,9;6;
2024/06/09;1600 UTC;0;908,6;909,2;908,6;2377,1;23;13,7;23,1;21,5;14,1;13,2;60;56;56;343;12;5,1;
2024/06/09;1700 UTC;0;907,6;908,7;907,6;2243,6;23,3;13,7;23,7;22,9;14,3;13,5;57;54;55;342;10,5;6,1;
2024/06/09;1800 UTC;0;907;907,7;907;1860,4;23,6;13,6;24;23,3;14,2;13,3;55;53;54;342;12,6;6;
2024/06/09;1900 UTC;0;906,2;907;906,2;1381,5;23,4;13,8;23,9;23,3;14,1;13,5;56;53;55;348;13;6,1;
2024/06/09;2000 UTC;0;905,5;906,3;905,4;739,6;22,8;14;23,4;22,7;14,1;13,8;58;55;58;353;12;5,5;
2024/06/09;2100 UTC;0;906,2;906,2;905,4;127,6;21,7;14,1;22,8;21,7;14,2;14;62;58;62;350;9,8;5;
2024/06/09;2200 UTC;0;906,8;906,8;906,1;;20,8;14;21,7;20,7;14,2;13,9;65;62;65;352;9,2;4,1;
2024/06/09;2300 UTC;0;907,4;907,5;906,8;;20,4;13,6;20,9;20,4;14;13,6;66;64;65;344;7,8;4,1;
2024/06/10;0000 UTC;0;907,7;907,8;907,4;;20,3;13,5;20,4;20;13,6;13,5;66;65;65;354;7,6;4,1;
2024/06/10;0100 UTC;0;908,1;908,2;907,7;;19,7;13,7;20,3;19,6;13,7;13,4;69;65;68;352;8,2;4,1;
2024/06/10;0200 UTC;0;907,8;908,3;907,8;;19,1;13,6;19,7;19,1;13,7;13,5;70;68;70;351;8,4;4,5;
2024/06/10;0300 UTC;0;907,6;907,9;907,5;;19,5;13,8;19,7;19;13,8;13,6;71;69;70;355;10,5;4,6;
2024/06/10;0400 UTC;0;907,6;907,6;907,3;;18,9;13,8;19,5;18,9;13,9;13,7;72;70;72;1;9,6;4,1;
2024/06/10;0500 UTC;0;908,4;908,4;907,5;;18,5;13,7;19;18,2;13,9;13,6;75;72;74;358;8,7;2,8;
2024/06/10;0600 UTC;0;908,6;908,7;908,4;;16,9;13,6;18,4;16,9;13,8;13,4;81;74;81;339;7,3;2,5;
2024/06/10;0700 UTC;0;907,9;908,6;907,9;;17,8;13,7;17,9;16,7;13,8;13,5;82;77;77;344;8,6;4,7;
2024/06/10;0800 UTC;0;908,2;908,2;907,9;;17,3;13,7;17,9;17,2;13,8;13,6;80;77;79;340;8,6;4,2;
2024/06/10;0900 UTC;0;908,9;908,9;908,2;;17,4;13,7;17,5;17,2;13,8;13,6;80;79;79;336;7,5;3,6;
2024/06/10;1000 UTC;0;909,5;909,5;908,9;;16,8;13,7;17,5;16,6;13,8;13,5;82;79;82;337;7,5;2,9;
2024/06/10;1100 UTC;0;910;910,1;909,5;102,4;17,2;13,8;17,3;16,8;13,9;13,5;82;80;80;345;7,4;3,7;
2024/06/10;1200 UTC;0;910,4;910,4;910;706,1;18,8;14,2;18,8;17,2;14,3;13,8;81;75;75;349;7,1;4,3;
2024/06/10;1300 UTC;0;910,9;910,9;910,4;1312,4;19,9;14,4;20,2;18,8;14,8;14,1;75;70;70;348;7,8;4,8;
2024/06/10;1400 UTC;0;911,1;911,1;910,9;1889;20,9;14,8;21,4;20;15,6;14,5;71;67;68;346;7,5;3,3;
2024/06/10;1500 UTC;0;910,6;911,1;910,6;2207,8;23,1;15,4;23,3;20,7;16,3;14,6;70;61;62;335;6,5;3,4;
2024/06/10;1600 UTC;0;910,1;910,6;910,1;2339,1;23,5;14,9;23,7;23;15,2;14,2;62;57;59;321;10,4;4,8;
2024/06/10;1700 UTC;0;909,7;910,1;909,6;2245,3;24,3;14,3;24,6;23,3;15,5;13,6;61;52;54;315;10;5,8;
2024/06/10;1800 UTC;0;909,3;909,7;909,3;1688;23,6;14;24,6;23,3;14,8;13,5;57;51;55;320;10;4,1;
2024/06/10;1900 UTC;0;909,2;909,3;909,1;1413,3;24;13,5;24,7;23,5;15;13,2;56;49;52;311;7,9;4,1;
2024/06/10;2000 UTC;0;909,5;909,5;909,2;665,9;23,1;14,1;24;22,9;14,3;13,4;57;52;57;307;6,5;2,8;
2024/06/10;2100 UTC;0;909,6;909,7;909,4;100,7;21,9;14,4;23,1;21,3;14,4;14;63;57;62;293;4,7;1,3;
2024/06/10;2200 UTC;0;909,7;909,7;909,5;;21,4;14,4;22,2;21,2;14,4;14;65;61;64;329;2,8;1,7;
2024/06/10;2300 UTC;0;910;910;909,7;;20,8;14,5;21,4;20,5;14,6;14,3;68;64;67;331;2,8;1,8;
2024/06/11;0000 UTC;0;910,5;910,5;910;;20,3;14,2;20,8;20,2;14,6;14,1;68;66;68;347;4,1;2,2;
2024/06/11;0100 UTC;0;911;911;910,5;;20,1;14,3;20,4;20;14,5;14,2;70;68;70;356;3,7;2,5;
2024/06/11;0200 UTC;0;911,4;911,4;911;;19,8;14,3;20,4;19,7;14,5;14,1;70;69;70;358;3,9;2;
2024/06/11;0300 UTC;0;911,6;911,6;911,4;;19,8;14,1;20;19,6;14,3;14;70;69;70;359;3,8;2,5;
2024/06/11;0400 UTC;0;911,5;911,6;911,5;;19,1;13,8;19,8;19;14,1;13,8;73;70;71;3;5,1;2,3;
2024/06/11;0500 UTC;0;911,4;911,5;911,3;;18,9;14;19,2;18,9;14,1;13,8;73;71;73;11;5,2;2;
2024/06/11;0600 UTC;0;911,2;911,4;911,2;;18,6;14;18,9;18,3;14;13,8;75;73;75;13;5,3;2,5;
2024/06/11;0700 UTC;0;911;911,2;911;;18,4;13,8;18,6;18,1;14;13,8;76;74;75;5;4,9;3,1;
2024/06/11;0800 UTC;0;911;911,1;910,9;;18,5;13,6;18,9;18,4;13,9;13,6;75;72;73;1;5,1;3,3;
2024/06/11;0900 UTC;0;911,3;911,3;911;;18,7;13,7;18,9;18,4;13,8;13,6;74;72;73;357;6,1;4,3;
2024/06/11;1000 UTC;0;912;912;911,3;;18,7;13,6;18,7;18,5;13,7;13,5;73;72;72;353;6,4;4,2;
2024/06/11;1100 UTC;0;912,8;912,8;912;37,9;19,2;13,5;19,2;18,7;13,6;13,5;72;70;70;356;6,5;4,1;
2024/06/11;1200 UTC;0;913,6;913,6;912,8;204,3;19,3;13,5;19,6;19;13,5;13,2;70;67;69;351;6,3;3,2;
2024/06/11;1300 UTC;0;914,1;914,1;913,6;414,9;19,7;13,7;19,7;19,2;13,9;13,4;71;68;68;355;5,8;3;
2024/06/11;1400 UTC;0;914,1;914,2;914,1;823,7;20,9;14,1;20,9;19,6;14,4;13,7;69;64;65;20;5,8;1,3;
2024/06/11;1500 UTC;0;913,6;914,1;913,6;1262,8;21,9;14,2;21,9;20,9;14,6;13,8;66;61;62;2;6;2,7;
2024/06/11;1600 UTC;0;912,9;913,6;912,9;1638,1;23;14,9;23;21,7;15,3;14,1;64;59;60;358;6;2,2;
2024/06/11;1700 UTC;0;912,3;912,9;912,3;2019,7;24,3;14,3;24,3;22,5;15,2;13,5;61;53;53;342;5,6;2,6;
2024/06/11;1800 UTC;0;911,9;912,3;911,9;1834,1;23,6;13,4;24,6;23,4;14,5;12,9;55;50;53;342;6,1;2,8;
2024/06/11;1900 UTC;0;911,8;911,9;911,7;1309,3;23,2;13,1;24,5;22,7;14,3;12,8;55;49;53;350;6;2,4;
2024/06/11;2000 UTC;0;911,8;911,8;911,8;538,5;22,2;13,8;23,3;22,2;13,9;13,1;59;53;59;351;5,8;2,1;
2024/06/11;2100 UTC;0;911,9;911,9;911,8;116,4;21,5;13,6;22,4;21,3;13,7;13,5;61;58;61;15;4,4;1,8;
2024/06/11;2200 UTC;0;912,1;912,1;911,9;;20,9;14;21,5;20,9;14;13,4;64;61;64;28;4,1;1,5;
2024/06/11;2300 UTC;0;912,1;912,2;912,1;;20,8;13,5;21,2;20,6;14;13,5;64;63;63;34;3,7;1,8;
2024/06/12;0000 UTC;0;912,2;912,2;912;;20,7;12,2;21,1;20,6;13,4;12,2;63;58;58;25;4,4;1,8;
2024/06/12;0100 UTC;0;912,2;912,2;912,1;;20,6;11,9;20,9;20,5;12,2;11,8;58;57;57;27;4,1;1,9;
2024/06/12;0200 UTC;0;912,1;912,2;912,1;;19,9;12,1;21,1;19,8;12,1;11,7;61;55;61;39;5,3;2;
2024/06/12;0300 UTC;0;912,1;912,2;912,1;;19,1;12,7;20;19;12,7;12,1;67;61;67;51;7,4;2,5;
2024/06/12;0400 UTC;0;911,8;912,1;911,8;;18,6;12,9;19,1;18,5;12,9;12,6;70;66;70;19;5,8;2,7;
2024/06/12;0500 UTC;0;911,8;911,9;911,8;;17,8;12,8;18,6;17,7;12,9;12,7;73;70;73;17;6,4;2,1;
2024/06/12;0600 UTC;0;911,4;911,8;911,4;;17,4;12,5;17,8;17,2;12,8;12,5;74;73;73;17;5,5;2;
2024/06/12;0700 UTC;0;910,9;911,4;910,9;;17,3;12,1;17,4;17,1;12,5;12,1;73;71;72;14;7,4;2,7;
2024/06/12;0800 UTC;0;910,9;911;910,8;;17;12,2;17,4;16,9;12,3;12,1;74;72;73;28;7,7;2,2;
2024/06/12;0900 UTC;0;910,7;910,9;910,6;;16,6;12,1;17,1;16,5;12,3;12;75;73;75;9;8,1;3,6;
2024/06/12;1000 UTC;0;911;911,1;910,7;;16,3;12,1;16,7;16,2;12,1;11,9;77;74;76;12;8,1;4,1;
2024/06/12;1100 UTC;0;911,6;911,7;911;93,2;16,9;12,3;17;16,2;12,4;12;77;74;74;11;7,8;2,4;
2024/06/12;1200 UTC;0;912,6;912,6;911,6;694,4;18;12,8;18,1;16,9;13;12,4;74;72;72;34;6,1;1,1;
2024/06/12;1300 UTC;0;913,2;913,2;912,6;1358,5;19,9;13,3;19,9;17,9;13,7;12,8;73;65;66;10;5,8;1,6;
2024/06/12;1400 UTC;0;912,9;913,2;912,9;1896,2;21,4;12,6;21,5;19,8;13,8;12,3;66;56;57;3;5,9;2,6;
2024/06/12;1500 UTC;0;912,4;912,9;912,3;2237,8;22,4;12,4;22,4;21,4;13,2;11,4;59;51;53;343;8,8;4;
2024/06/12;1600 UTC;0;911,8;912,4;911,8;2362,3;23;11,7;23,1;22,1;12,5;11;53;48;49;332;8,4;3,7;
2024/06/12;1700 UTC;0;910,7;911,8;910,7;2263,5;23,2;10,4;23,6;22,7;12,8;9,2;52;41;44;324;8,9;4,4;
2024/06/12;1800 UTC;0;910,3;910,8;910,3;1960,8;23,2;9,6;23,7;23,1;11,2;8,2;46;38;42;320;8,8;3,7;
2024/06/12;1900 UTC;0;909,8;910,3;909,8;1423,8;22,9;10,6;23,5;22,7;10,8;8,7;46;39;46;333;7,5;2,7;
2024/06/12;2000 UTC;0;910;910,1;909,8;758,9;21,9;9,7;23;21,9;11,4;8,5;48;41;46;325;6;2,4;
2024/06/12;2100 UTC;0;909,8;910;909,8;125;20,3;10,4;21,9;20,2;10,4;9,5;53;45;53;356;4,9;2,6;
2024/06/12;2200 UTC;0;909,7;909,8;909,6;;20,2;9,8;20,5;20,1;10,5;9,7;54;50;51;1;5,1;2,4;
2024/06/12;2300 UTC;0;909,9;910;909,5;;19,7;11,3;20,2;19,6;11,3;9,8;58;51;58;12;4,9;1,8;
2024/06/13;0000 UTC;0;910;910,2;909,9;;19,7;10,7;19,9;19,4;11,3;10,7;58;56;56;32;4,9;1,7;
2024/06/13;0100 UTC;0;909,8;910;909,7;;19,4;10,4;19,8;19,3;10,7;10,4;57;55;56;38;5,4;2,2;
2024/06/13;0200 UTC;0;909,5;909,9;909,5;;19,5;9,7;19,7;19,2;10,4;9,6;56;53;53;21;6;2,6;
2024/06/13;0300 UTC;0;909,1;909,5;909;;18,4;9,8;19,5;18,4;9,8;9,5;57;53;57;12;8,2;3,9;
2024/06/13;0400 UTC;0;908,8;909,2;908,8;;17,6;9,8;18,4;17,6;9,9;9,7;60;57;60;9;7,5;3,1;
2024/06/13;0500 UTC;0;908,6;908,9;908,6;;17,2;10;17,8;17,2;10,1;9,8;63;60;63;4;7,6;3,2;
2024/06/13;0600 UTC;0;908;908,6;907,9;;17,1;10;17,3;16,8;10,1;9,9;64;62;63;9;8,4;3,3;
2024/06/13;0700 UTC;0;907,6;908;907,6;;17,2;9,9;17,5;17,1;10,1;9,8;63;61;62;7;8,9;3,9;
2024/06/13;0800 UTC;0;907,7;907,7;907,6;;17,1;10,1;17,4;16,9;10,1;9,9;64;62;64;3;9,3;3;
2024/06/13;0900 UTC;0;907,9;907,9;907,6;;16,9;10,3;17,2;16,6;10,3;10;65;64;65;6;7,7;2,9;
2024/06/13;1000 UTC;0;908,1;908,2;907,8;;16,9;10,2;17,1;16,6;10,3;10,1;66;64;65;11;8,2;3,5;
2024/06/13;1100 UTC;0;908,3;908,3;908,1;89,1;17,1;10,3;17,2;16,7;10,3;10,1;66;64;64;7;7,4;3;
2024/06/13;1200 UTC;0;908,8;908,8;908,3;677,4;18,4;10,7;18,4;17,1;11,1;10,3;64;61;61;17;7,6;2,2;
2024/06/13;1300 UTC;0;909,3;909,4;908,8;1345,3;20,3;11,1;20,3;18,3;11,2;10,8;62;55;55;7;9,7;4,4;
2024/06/13;1400 UTC;0;908,9;909,4;908,9;1881,2;21,5;11,1;21,7;20,3;11,9;10,9;56;52;52;4;10,1;4,5;
2024/06/13;1500 UTC;0;907,9;908,9;907,9;2234,9;22,5;11,8;22,5;21,2;12,1;11,1;54;50;51;347;12,8;6,7;
2024/06/13;1600 UTC;0;907,1;908;907;2357,2;23,7;11,9;23,7;22,5;12;11,3;51;47;48;347;15,1;6,7;
2024/06/13;1700 UTC;0;906,2;907,1;906,1;2250,9;23,8;11,7;23,8;23,4;12;11,1;48;45;47;345;15,3;7;
2024/06/13;1800 UTC;0;905,7;906,2;905,7;1935,7;23,7;11,4;24,3;23,7;12;11,1;47;45;46;347;14,3;6,3;
2024/06/13;1900 UTC;0;905,4;905,8;905,3;1395,4;23,4;11,7;23,9;23,4;11,9;11,3;48;46;48;351;12,6;6,7;
2024/06/13;2000 UTC;0;905,2;905,4;905,1;638,2;22,6;11,9;23,4;22,6;12,1;11,5;51;47;51;356;12,6;4,3;
2024/06/13;2100 UTC;0;904,9;905,3;904,9;72,6;21,5;11,5;22,6;21,5;12,1;11,5;54;51;53;355;9,5;4,6;
2024/06/13;2200 UTC;0;904,5;905;904,4;;20,7;11,4;21,5;20,6;11,6;11,3;55;53;55;353;13,4;5,9;
2024/06/13;2300 UTC;0;903,9;904,5;903,8;;19,9;11,5;20,7;19,9;11,5;11,2;58;55;58;355;14,5;7,7;
2024/06/14;0000 UTC;0;903,7;904;903,5;;19,5;10,9;20,1;19,5;11,4;10,9;58;57;58;352;17,9;8,3;
2024/06/14;0100 UTC;0;904,2;904,3;903,5;;19,4;10,4;19,5;19,3;10,9;10,4;58;56;56;353;16,9;8,8;
2024/06/14;0200 UTC;0;904,4;904,4;904;;18,8;9,9;19,6;18,8;10,4;9,9;57;55;56;356;16,1;7,3;
2024/06/14;0300 UTC;0;904,7;904,8;904,3;;18,3;9,5;18,9;18,3;9,9;9,5;57;56;56;353;16,7;7,6;
2024/06/14;0400 UTC;0;904,3;904,9;904,2;;17,7;9,2;18,4;17,7;9,6;9,2;59;56;57;350;16,7;8,5;
2024/06/14;0500 UTC;0;904,6;904,7;904,2;;17,9;8,7;18,1;17,7;9,2;8,7;57;55;55;350;16,9;8,6;
2024/06/14;0600 UTC;0;904,7;904,8;904,4;;18,3;8,2;18,3;17,9;8,7;8,2;55;52;52;353;15,5;8;
2024/06/14;0700 UTC;0;905,2;905,2;904,7;;17,5;8,5;18,3;17,4;8,5;8,2;56;52;55;352;14,7;6,4;
2024/06/14;0800 UTC;0;905,6;905,6;905,1;;17,2;8,6;17,5;17,2;8,7;8,4;57;56;57;352;13,3;6;
2024/06/14;0900 UTC;0;905,8;905,8;905,6;;17,1;8,9;17,2;16,9;8,9;8,6;59;57;59;351;11,5;6,4;
2024/06/14;1000 UTC;0;906,3;906,4;905,8;;17,2;9,1;17,5;16,9;9,1;8,9;59;58;59;351;12,2;6;
2024/06/14;1100 UTC;0;906,7;906,7;906,1;87,9;17,9;9,4;17,9;17;9,4;9,1;60;57;58;351;13;6,7;
2024/06/14;1200 UTC;0;907,4;907,4;906,7;687,8;19,4;9,9;19,4;17,9;9,9;9,4;58;54;54;350;14,5;8,1;
2024/06/14;1300 UTC;0;908,3;908,3;907,4;1359,1;19,7;10,7;19,7;19,4;10,7;9,8;56;54;56;344;13,5;6,9;
2024/06/14;1400 UTC;0;908,2;908,3;908,1;1899,5;21,2;11,3;21,3;19,5;11,5;10,5;56;53;53;344;13,7;7,1;
2024/06/14;1500 UTC;0;907,6;908,2;907,5;2238,1;23,1;11,8;23,1;21,1;12;11,2;54;48;49;345;14;6,3;
2024/06/14;1600 UTC;0;907,2;907,6;907,2;2301,4;23,5;11,6;23,6;22,9;11,9;11;49;46;47;351;12,5;5,6;
2024/06/14;1700 UTC;0;907,1;907,2;906,9;2172,4;24,3;10,9;24,4;23,5;12,2;10,5;48;43;43;342;12,1;6,3;
2024/06/14;1800 UTC;0;906,2;907,2;906,2;1818,8;23,9;11,1;24,3;23,8;11,5;10,6;45;42;44;344;11,5;6,4;
2024/06/14;1900 UTC;0;906,1;906,2;905,9;1305,7;23,8;11,5;24,1;23,8;11,7;10,7;47;43;46;352;11,4;4,3;
2024/06/14;2000 UTC;0;906,1;906,2;906;689,1;23,2;11,1;23,9;23,1;11,9;10,7;47;44;47;351;8,8;3,8;
2024/06/14;2100 UTC;0;906,3;906,4;906;95,6;22,1;10;23,2;22,1;11,2;10;48;46;46;4;6,9;3;
2024/06/14;2200 UTC;0;906,8;906,8;906,3;;21,1;10,6;22,2;21;10,6;9,9;51;46;51;23;7,3;2,3;
2024/06/14;2300 UTC;0;906,9;906,9;906,7;;20,8;10,6;21,1;20,6;10,7;10,6;53;51;52;22;7,9;3,2;
2024/06/15;0000 UTC;0;907,2;907,2;906,9;;20,4;10,9;21;20,3;10,9;10,5;55;52;54;9;7,8;3,5;
2024/06/15;0100 UTC;0;907,7;907,9;907,2;;19,8;11,7;20,5;19,8;11,7;10,9;59;54;59;18;9,2;3,4;
2024/06/15;0200 UTC;0;907,8;907,8;907,6;;19,5;11,9;19,9;19,4;11,9;11,7;62;59;61;13;9,2;3,6;
2024/06/15;0300 UTC;0;908,1;908,2;907,8;;19,2;11,6;19,7;19;11,8;11,6;62;60;61;2;8,9;3,5;
2024/06/15;0400 UTC;0;908,3;908,3;908,1;;18,6;11,7;19,2;18,5;11,8;11,6;65;61;64;5;7,7;3,1;
2024/06/15;0500 UTC;0;908,8;908,8;908,2;;18,3;11,9;18,7;18;11,9;11,7;67;64;66;20;6,9;1,4;
2024/06/15;0600 UTC;0;908,7;909;908,7;;18,2;12;18,5;18,1;12,1;11,7;67;65;67;1;6;2,5;
2024/06/15;0700 UTC;0;908,6;908,7;908,6;;18,2;12,1;18,4;18,1;12,1;12;68;67;68;350;6,7;3;
2024/06/15;0800 UTC;0;908,5;908,8;908,5;;18,9;12,2;19;18,1;12,2;12,1;68;64;65;350;8,5;5;
2024/06/15;0900 UTC;0;908,3;908,6;908,3;;19,1;12,1;19,2;18,8;12,2;12,1;65;64;64;349;10,8;5,5;
2024/06/15;1000 UTC;0;908,7;908,8;908,3;;18,9;12;19,3;18,9;12,1;12;64;63;64;348;11,9;6,1;
2024/06/15;1100 UTC;0;909,5;909,5;908,7;41,2;18,9;12;19,1;18,7;12,1;12;65;64;64;346;11,7;6,2;
2024/06/15;1200 UTC;0;910,2;910,3;909,5;631,4;19,9;12,3;19,9;18,9;12,4;12;64;62;62;348;11,4;6,1;
2024/06/15;1300 UTC;0;910,7;910,7;910,2;311,6;19,4;12,4;20;19,3;12,5;12,2;64;61;64;346;10,1;5,5;
2024/06/15;1400 UTC;0;910,8;910,9;910,6;189,3;19,5;12,6;19,7;19,1;12,7;12,3;66;63;64;351;10,2;5;
2024/06/15;1500 UTC;0;910,7;910,8;910,6;745,3;21,3;13,2;21,4;19,5;13,4;12,6;65;59;60;344;9;4,9;
2024/06/15;1600 UTC;0;910;910,7;910;1088,2;21,5;13,6;22,5;21,3;14,2;13;61;58;61;317;9;5,1;
2024/06/15;1700 UTC;0;909,2;910;909,2;730,7;21,7;14,1;21,8;20,6;14,2;13,4;65;60;62;345;9,4;4,2;
2024/06/15;1800 UTC;0;908,8;909,2;908,8;966,3;23,1;14;23,9;21,7;14,7;13,9;62;56;57;333;9,5;4,8;
2024/06/15;1900 UTC;0;908,8;909;908,8;482,4;22,1;13,2;23,2;22,1;14,3;13,2;59;57;57;342;9,5;5,3;
2024/06/15;2000 UTC;0;909,2;909,2;908,8;470;21,2;13,7;22,5;21,2;13,8;13,1;63;57;62;347;9,4;3,9;
2024/06/15;2100 UTC;0;909,4;909,5;909,2;49,6;20,7;13,6;21,2;20,6;13,8;13,5;64;62;64;344;7;3,6;
2024/06/15;2200 UTC;0;909,5;909,5;909,4;;20,3;13,4;20,9;20,3;13,6;13,3;65;62;64;360;6;2,8;
2024/06/15;2300 UTC;0;909,7;909,8;909,5;;20,8;13;20,9;20,1;13,5;13;66;60;61;353;5,9;3,6;
2024/06/16;0000 UTC;0;909,6;909,8;909,6;;20,4;13,2;20,8;20,3;13,3;13;64;61;64;353;5,9;3,2;
2024/06/16;0100 UTC;0;909,6;909,6;909,4;;20,2;13,3;20,4;19,9;13,4;13,2;66;64;64;358;6,1;2,5;
2024/06/16;0200 UTC;0;910;910,1;909,6;;20,1;13,1;20,2;19,8;13,4;13,1;66;64;64;355;5,3;3,4;
2024/06/16;0300 UTC;0;909,3;910;909,3;;19,9;13;20,3;19,8;13,2;13;65;63;65;352;6,1;3,9;
2024/06/16;0400 UTC;0;909,2;909,3;909,1;;19,7;13,1;20;19,6;13,1;13;66;64;66;354;6,8;3,2;
2024/06/16;0500 UTC;0;909,2;909,3;909,1;;19,5;13,1;19,7;19,3;13,2;13,1;67;66;67;350;8,2;4,9;
2024/06/16;0600 UTC;0;908,8;909,2;908,8;;19,2;13;19,6;18,9;13,1;13;69;66;68;349;7,9;4,6;
2024/06/16;0700 UTC;0;908,3;908,8;908,3;;18,6;13;19,2;18,5;13,1;13;70;68;70;349;9,1;5,4;
2024/06/16;0800 UTC;0;907,7;908,3;907,7;;18,3;12,9;18,8;18,3;13,1;12,9;71;69;71;350;9,9;5,4;
2024/06/16;0900 UTC;0;907,1;907,7;907,1;;18,1;12,7;18,3;17,8;12,9;12,7;73;71;71;349;8,7;5,5;
2024/06/16;1000 UTC;0;907,7;907,7;907,1;;18;12,5;18,3;17,8;12,7;12,5;71;69;70;349;9;5,4;
2024/06/16;1100 UTC;0;908,4;908,4;907,7;59,8;18,5;12,4;18,5;17,9;12,5;12,3;71;67;67;344;10,4;6,3;
2024/06/16;1200 UTC;0;908,9;909,1;908,4;507,9;18,8;12,4;19,1;18,4;12,6;12,3;68;66;67;344;9,9;5,4;
2024/06/16;1300 UTC;0;909,4;909,5;908,9;735;18,6;12,8;19,4;18,6;13,2;12,4;69;66;69;334;10,6;4,9;
2024/06/16;1400 UTC;0;909,5;909,6;909,3;698,3;18,4;13,2;19,1;18,4;13,4;12,8;71;68;71;339;10,6;4,6;
2024/06/16;1500 UTC;0;908,6;909,5;908,6;315,1;18,5;12,9;18,6;17,6;13,5;12,9;77;70;70;335;10,4;5,5;
2024/06/16;1600 UTC;0;907,8;908,6;907,8;514;19,1;12,9;19,1;18,5;13;12,7;70;67;67;331;10,1;5,3;
2024/06/16;1700 UTC;0;907;907,9;906,9;582,2;19,4;13,3;19,4;18,9;13,4;12,5;69;65;68;331;14,3;6,7;
2024/06/16;1800 UTC;0;906,9;907;906,7;510,4;18,8;13,1;19,4;18,7;13,2;12,7;70;66;70;319;16,4;7,3;
2024/06/16;1900 UTC;0;906,9;907,1;906,8;175;16,9;14,6;18,8;16,9;14,6;13,1;86;70;86;319;12,5;6,1;
2024/06/16;2000 UTC;0;906,8;906,9;906,7;105,7;17,4;15;17,5;16,9;15,4;14,7;89;86;86;313;10,2;6,3;
2024/06/16;2100 UTC;,2;906,9;907,2;906,8;8,8;16,8;15,2;17,4;16,8;15,3;15;90;86;90;318;9,7;5;
2024/06/16;2200 UTC;3,2;907,3;907,3;906,9;;16;15,2;16,8;16;15,5;15,1;95;90;95;332;8,3;3,1;
2024/06/16;2300 UTC;6,2;907,3;907,5;907,2;;15,6;14,9;16,1;15,6;15,2;14,9;96;94;96;338;7,1;2,5;
2024/06/17;0000 UTC;2,6;907,1;907,5;907,1;;15,6;15;15,7;15,5;15;14,8;96;95;96;47;4,8;,4;
2024/06/17;0100 UTC;3,6;907,5;907,8;907;;15,5;15;15,6;15,4;15,1;15;97;96;97;334;4,2;2,2;
2024/06/17;0200 UTC;11,4;907,7;908;907,3;;15,4;15;15,5;15,3;15;14,8;97;97;97;323;9,1;5,6;
2024/06/17;0300 UTC;7,8;907,8;908,2;907,6;;15,4;15;15,6;15,4;15,1;15;97;97;97;325;9,2;5,6;
2024/06/17;0400 UTC;4,6;907,4;907,8;907,4;;15,7;15,3;15,8;15,4;15,4;15,1;98;97;98;333;11,3;3,8;
2024/06/17;0500 UTC;,4;907,3;907,5;907;;15,4;15,1;15,7;15,4;15,4;15,1;98;98;98;341;7,5;4,2;
2024/06/17;0600 UTC;,8;907;907,5;906,9;;15,3;15;15,4;15,2;15,1;14,9;98;98;98;335;7,4;2,9;
2024/06/17;0700 UTC;2,4;906,6;907,1;906,6;0;15,5;15,2;15,5;15,3;15,2;15;98;98;98;343;5,7;2,8;
2024/06/17;0800 UTC;4;906,2;906,6;905,8;;15,7;15,3;15,7;15,4;15,4;15,1;98;98;98;336;5;3,1;
2024/06/17;0900 UTC;1,4;905,9;906,3;905,7;;15,8;15,5;15,8;15,7;15,5;15,3;98;98;98;352;7,6;3;
2024/06/17;1000 UTC;2;906,5;906,5;905,9;;15,9;15,6;16;15,8;15,6;15,5;98;98;98;348;5,5;3,6;
2024/06/17;1100 UTC;1,2;906,8;907;906,3;4,6;16;15,6;16;15,9;15,6;15,6;98;98;98;347;6,2;3,2;
2024/06/17;1200 UTC;1,6;906,5;906,9;906;33,7;15,9;15,6;16;15,9;15,7;15,6;98;98;98;353;9,1;5,6;
2024/06/17;1300 UTC;3,2;907,3;908;906,3;49,9;15,9;15,5;16;15,8;15,6;15,5;98;98;98;347;9,1;4,6;
2024/06/17;1400 UTC;3,2;908,5;908,5;907,3;83,5;15,8;15,5;15,9;15,7;15,5;15,4;98;98;98;336;7,9;3,4;
2024/06/17;1500 UTC;2,4;907,3;908,4;907,2;254,5;15,8;15,5;15,9;15,7;15,6;15,4;98;98;98;352;6,6;3,7;
2024/06/17;1600 UTC;2;906,8;907,3;906,8;123,7;15,3;15;15,8;15,3;15,5;15;98;98;98;353;6,6;3,5;
2024/06/17;1700 UTC;3,2;906,1;906,8;906;161,3;15,2;14,9;15,4;15,2;15,1;14,9;98;98;98;5;5,5;2,9;
2024/06/17;1800 UTC;4,2;905,8;906,1;905,7;158,7;14,7;14,4;15,2;14,7;14,9;14,4;98;98;98;18;6,3;2,5;
2024/06/17;1900 UTC;4,8;906;906,2;905,7;65;14,3;14;14,7;14,3;14,4;14;98;98;98;31;5,8;1,8;
2024/06/17;2000 UTC;,4;905,1;906;905;40,7;13,8;13,6;14,3;13,8;14;13,6;98;98;98;42;5,5;3,2;
2024/06/17;2100 UTC;0;904,4;905,1;904,4;17;14;13,7;14;13,8;13,7;13,6;98;98;98;63;7,5;3,4;
2024/06/17;2200 UTC;0;904,3;904,5;904,1;;13,9;13,6;14;13,9;13,7;13,6;98;98;98;93;7,5;0;
2024/06/17;2300 UTC;0;904,2;904,4;904,1;;14,4;14,1;14,4;13,9;14,1;13,6;98;98;98;50;3,8;1,7;
2024/06/18;0000 UTC;,2;903,9;904,3;903,8;4,2;15,5;13,8;15,5;14,4;15;13,8;98;89;89;22;6,5;2,5;
2024/06/18;0100 UTC;0;903,5;903,9;903,4;3;16,3;13,8;16,3;15,5;13,8;13,5;89;85;85;6;9,6;4,1;
2024/06/18;0200 UTC;0;903,4;903,5;903,2;;16,7;14,1;16,7;16,2;14,1;13,8;85;84;85;5;9,3;3,8;
2024/06/18;0300 UTC;0;903,8;903,8;903,1;;16,6;14,3;17,1;16,6;14,4;14;87;84;87;347;9,3;4,7;
2024/06/18;0400 UTC;5,4;905,6;906;903,9;;14,5;14,1;16,7;14,3;14,6;13,2;97;87;97;259;11,8;2,1;
2024/06/18;0500 UTC;1,2;905,3;905,6;904,8;;14,6;14,3;14,7;14,5;14,4;14,1;98;97;98;35;3;,3;
2024/06/18;0600 UTC;9,6;905,4;905,7;905,3;;15,1;14,8;15,4;14,6;15,1;14,3;98;98;98;359;3,1;1,6;
2024/06/18;0700 UTC;11;905,1;905,9;904,9;;15,6;15,3;15,6;15;15,3;14,7;98;98;98;343;6,2;3,2;
2024/06/18;0800 UTC;2,8;904,4;905,1;904,4;;15,7;15,4;15,8;15,6;15,4;15,2;98;98;98;2;6,5;3,4;
2024/06/18;0900 UTC;,4;904,6;904,7;904,2;0;15,6;15,3;15,7;15,6;15,4;15,2;98;98;98;349;7,2;3,6;
2024/06/18;1000 UTC;0;905,3;905,3;904,6;;15,6;15,3;15,7;15,5;15,4;15,2;98;98;98;6;5,5;2,5;
2024/06/18;1100 UTC;0;906,1;906,1;905,2;85,7;16,4;15;16,4;15,6;15,6;15;98;92;92;3;4,7;2,3;
2024/06/18;1200 UTC;,4;906,5;906,7;906,1;263,4;16,6;14,7;16,7;16,1;15,1;14,6;92;88;89;4;5,4;3,3;
2024/06/18;1300 UTC;0;906,7;906,8;906,4;1169,6;18,3;14,9;18,4;16,6;15,1;14,5;89;79;81;353;6,9;4,3;
2024/06/18;1400 UTC;0;906,3;906,7;906,3;1553,5;19,2;14,5;19,2;18,2;15;14,3;80;74;74;350;9;5,3;
2024/06/18;1500 UTC;0;906;906,4;905,9;2106,5;20;14,4;20,1;19,2;14,9;14;74;69;70;352;9,9;5,4;
2024/06/18;1600 UTC;0;905,4;906;905,3;2198,7;20,4;15;20,8;20;15,7;14,4;73;69;71;347;11,1;5,6;
2024/06/18;1700 UTC;0;904,7;905,4;904,6;2085,8;20,2;14,7;20,9;19,9;15,1;14,3;71;68;71;345;11,1;5,8;
2024/06/18;1800 UTC;0;904,2;904,7;904,2;1750,8;20,9;15,1;21;20,1;15,7;14,8;74;68;69;345;10,2;5;
2024/06/18;1900 UTC;0;904,1;904,3;904,1;1290;20,3;14,6;21;20;15,5;14,5;73;69;70;348;9,1;5,3;
2024/06/18;2000 UTC;0;904,2;904,2;904;644,5;19,5;14,8;20,3;19,5;14,8;14,3;74;68;74;353;9,1;4,2;
2024/06/18;2100 UTC;0;904,5;904,5;904,2;71,1;19,4;15,1;19,5;19,1;15,1;14,8;77;74;76;357;7,6;2,9;
2024/06/18;2200 UTC;0;904,8;904,9;904,4;;19,5;15,2;19,9;19,3;15,2;15;76;74;76;6;7,9;2,4;
2024/06/18;2300 UTC;0;904,9;904,9;904,8;;20,4;14,7;20,4;19,5;15,3;14,7;76;70;70;356;8,8;4,5;
2024/06/19;0000 UTC;0;904,7;905;904,6;;19,9;14,5;20,5;19,8;14,7;14,5;72;69;71;6;10,1;4,3;
2024/06/19;0100 UTC;0;904,8;904,9;904,6;;19,7;13,6;19,9;19,4;14,5;13,6;72;68;68;8;12,4;5,1;
2024/06/19;0200 UTC;0;905,3;905,5;904,8;;19;13;19,7;18,9;13,6;13;69;67;68;1;11,4;4,7;
2024/06/19;0300 UTC;0;905,4;905,4;905,1;;18,4;12,6;19;18,3;13;12,6;71;67;69;353;11,8;5;
2024/06/19;0400 UTC;0;905;905,5;905;;18,3;11,9;18,6;18,2;12,6;11,9;69;66;66;358;10,8;4,5;
2024/06/19;0500 UTC;0;905,5;905,5;904,7;;18,1;11,8;18,4;17,7;12;11,7;69;66;66;346;12,1;7,3;
2024/06/19;0600 UTC;0;905,7;906,1;905,5;;18,1;11,7;18,5;17,9;11,8;11,7;67;65;66;347;12,1;6,5;
2024/06/19;0700 UTC;0;905,1;905,8;905,1;;18,1;11,4;18,6;18,1;11,7;11,4;66;64;65;348;11,9;6,4;
2024/06/19;0800 UTC;0;905,6;905,8;905;;17,5;11,6;18,2;17,4;11,6;11,4;68;65;68;344;10,6;5,5;
2024/06/19;0900 UTC;0;905,6;905,8;905,6;;17,3;11,3;17,5;16,5;11,8;11,2;74;67;68;343;11,1;6,5;
2024/06/19;1000 UTC;0;906,3;906,3;905,6;;17,8;10,7;17,8;16,9;11,3;10,6;69;63;63;343;11,5;6,8;
2024/06/19;1100 UTC;0;907,3;907,3;906,2;28,4;18,2;10,3;18,3;17,7;10,6;10,3;63;60;60;343;11,8;6,6;
2024/06/19;1200 UTC;0;907,7;907,8;907,3;395;18,7;10,2;19,1;17,9;10,7;10,2;62;57;58;345;12;7,2;
2024/06/19;1300 UTC;0;908,3;908,4;907,7;1233,8;19,7;10,6;19,7;18,7;10,8;10,3;58;56;56;347;12,4;7;
2024/06/19;1400 UTC;0;908,5;908,6;908,3;1786;20,4;11;20,5;19,7;11,2;10,4;57;54;55;346;12,9;6,5;
2024/06/19;1500 UTC;0;908,1;908,5;908,1;2156;21,1;11,3;21,2;20,4;11,7;10,7;56;52;53;346;12,9;6,9;
2024/06/19;1600 UTC;0;907,4;908,2;907,3;2297,8;20,9;11,9;21,5;20,9;12,4;11,1;56;53;56;341;12,5;6;
2024/06/19;1700 UTC;0;907,1;907,4;907,1;2220,4;21,1;12,5;21,4;20,8;12,7;11,7;59;55;58;345;9,9;4,7;
2024/06/19;1800 UTC;0;906,8;907,1;906,8;2024;21,1;13,1;21,4;20,8;13,1;12,1;61;57;60;353;8,6;4,7;
2024/06/19;1900 UTC;0;906,9;906,9;906,8;1343,2;20,5;13,2;21,4;20,2;13,5;12,7;64;60;63;351;8,2;5,1;
2024/06/19;2000 UTC;0;907,2;907,2;906,8;605,7;19,6;13;20,5;19,6;13,5;13;66;62;66;346;8,8;4,8;
2024/06/19;2100 UTC;0;907,7;907,7;907,2;89,4;19,6;12,9;19,7;19,4;13,2;12,9;67;65;65;340;7,2;4,2;
2024/06/19;2200 UTC;0;908,1;908,1;907,7;;19,7;12,8;19,8;19,6;12,9;12,8;65;64;64;335;7,2;3,9;
2024/06/19;2300 UTC;0;908,6;908,6;908,1;;19,8;12,8;20,3;19,7;12,9;12,7;64;62;64;343;6,5;3,2;
2024/06/20;0000 UTC;0;909;909;908,6;;20,3;13,1;20,3;19,6;13,1;12,8;65;63;63;344;5,3;2,9;
2024/06/20;0100 UTC;0;909,2;909,2;909;;20,4;13,1;20,8;20,3;13,1;13;63;61;63;350;5,6;3,6;
2024/06/20;0200 UTC;0;909,3;909,4;909,2;;20,6;13,2;20,6;20,4;13,2;13,1;63;62;63;349;6,6;4;
2024/06/20;0300 UTC;,2;910;910,2;909,3;;19;13,9;20,6;17,9;14,2;13,1;78;63;72;316;8,5;6;
2024/06/20;0400 UTC;0;909,4;910,1;909;;19,4;13,3;20;18,6;13,9;13,2;73;66;68;323;9,3;5;
2024/06/20;0500 UTC;0;908,8;909,4;908,6;;19,7;13,4;20,1;19,4;13,4;12,9;68;64;67;29;7,4;2,1;
2024/06/20;0600 UTC;0;909,1;909,3;908,8;;18,4;13,4;19,9;18,4;13,4;13,2;73;66;73;68;3,6;0;
2024/06/20;0700 UTC;0;908,8;909,1;908,6;;17;14,2;18,5;16,7;14,2;13,4;85;73;83;48;2,8;,4;
2024/06/20;0800 UTC;0;908,9;909;908,7;;18;13,3;18,7;17;14,2;13;83;70;74;93;5,6;,1;
2024/06/20;0900 UTC;0;909,6;909,9;908,8;;16,6;13,8;18,1;16,6;13,8;13;84;73;84;153;2,8;0;
2024/06/20;1000 UTC;0;911;911;909,6;;16,1;14,3;16,6;16,1;14,3;13,8;89;84;89;153;3,8;1,9;
2024/06/20;1100 UTC;2,8;912,1;912,3;911;4,4;15,4;14,8;16,1;15,4;14,8;14,3;96;89;96;136;4,2;1,6;
2024/06/20;1200 UTC;,2;912,3;912,4;911,8;50,5;15,2;14,7;15,4;15,1;14,8;14,6;97;96;97;116;5,6;2,3;
2024/06/20;1300 UTC;0;912,9;912,9;912,3;162,3;15,2;14,8;15,3;15,1;14,9;14,7;97;97;97;120;5,2;2,2;
2024/06/20;1400 UTC;0;913;913,2;912,8;190,2;15,1;14,7;15,3;15,1;14,9;14,7;98;97;97;115;8;3;
2024/06/20;1500 UTC;,4;912,9;913,3;912,6;237,9;14,9;14,4;15,2;14,9;14,8;14,3;97;96;97;111;7,1;2,5;
2024/06/20;1600 UTC;1;912,3;912,9;912,3;406,5;14,8;14,2;15,4;14,8;14,8;14,2;97;95;96;122;4,9;1,8;
2024/06/20;1700 UTC;,8;911,9;912,3;911,9;207,9;14,5;14,1;14,9;14,4;14,4;14;97;96;97;126;4,8;2,4;
2024/06/20;1800 UTC;,2;911,2;912;911,2;734,3;15,5;14,8;15,5;14,5;15;14;97;96;96;121;6,4;2,5;
2024/06/20;1900 UTC;0;910,9;911,3;910,9;668,8;14,8;13,6;15,5;14,7;14,8;13,5;96;92;92;116;7,7;3;
2024/06/20;2000 UTC;0;910,6;910,9;910,5;385,3;14,4;12,9;14,9;14,3;13,6;12,9;92;90;91;115;6,9;3,2;
2024/06/20;2100 UTC;0;910,7;910,8;910,3;52,7;14,5;12,9;14,7;14,3;13,1;12,7;92;89;90;111;7,5;2,9;
2024/06/20;2200 UTC;0;910,7;910,8;910,6;;14,3;12,9;14,6;14,3;12,9;12,8;91;90;91;117;6,5;2,3;
2024/06/20;2300 UTC;0;911;911;910,7;;14,7;12,7;15,2;14,2;13,1;12,7;92;86;88;109;6,1;2,3;
2024/06/21;0000 UTC;0;910,7;911,3;910,6;;14,5;12,6;14,8;14;12,7;12,4;91;87;88;94;6,7;3,6;
2024/06/21;0100 UTC;0;909,9;910,7;909,9;;16,2;11,9;16,2;14,2;12,6;11,9;89;76;76;52;6,7;3,7;
2024/06/21;0200 UTC;0;909,5;909,9;909,5;;17,5;11,5;17,7;16,2;11,9;11,5;76;67;68;42;9,5;4;
2024/06/21;0300 UTC;0;908,7;909,6;908,6;;17,4;11,1;17,9;17,4;11,6;11,1;68;65;67;26;10,2;3,9;
2024/06/21;0400 UTC;0;908,7;908,8;908,6;;17,4;11,2;17,6;17,1;11,3;11;68;66;67;21;10,2;3;
2024/06/21;0500 UTC;0;908,2;908,7;908,2;;16,8;11,2;17,4;16,8;11,3;11,1;70;67;70;6;10,8;4,1;
2024/06/21;0600 UTC;0;907,4;908,2;907,4;;16,6;11,3;17;16,6;11,4;11,2;71;69;71;360;10,6;5;
2024/06/21;0700 UTC;0;907,2;907,4;907,2;;16,3;11,4;16,8;16,3;11,4;11,2;73;70;73;3;10,6;4,6;
2024/06/21;0800 UTC;0;906,7;907,2;906,5;;16;11,5;16,3;15,9;11,6;11,4;75;73;74;15;12,3;4,2;
2024/06/21;0900 UTC;0;907;907;906,7;;16,2;11,5;16,3;15,8;11,6;11,5;76;73;74;10;9,1;4,2;
2024/06/21;1000 UTC;0;907,4;907,4;906,9;;15,9;11,5;16,2;15,7;11,6;11,5;76;74;76;8;10,3;3,2;
2024/06/21;1100 UTC;0;908,1;908,2;907,4;31,8;16;11,5;16,1;15,7;11,5;11,4;76;74;75;8;7,9;3,1;
2024/06/21;1200 UTC;0;908,9;908,9;908,1;220,4;16,6;11,9;16,6;16;11,9;11,5;75;73;74;21;8,1;3,2;
2024/06/21;1300 UTC;0;909,6;909,6;908,9;462,6;17,4;12,4;17,4;16,6;12,4;11,9;75;72;72;9;8,1;3,4;
2024/06/21;1400 UTC;0;909,5;909,6;909,4;619,1;17,9;12,5;17,9;17,4;12,6;12,2;73;70;70;1;11,1;4,7;
2024/06/21;1500 UTC;0;908,7;909,5;908,6;988,6;19,7;11,2;19,8;17,9;12,6;11,2;70;58;58;353;14,2;7,5;
2024/06/21;1600 UTC;0;907,9;908,8;907,8;829,6;19,9;11,9;19,9;19,3;12;11,3;63;58;60;354;14,2;6;
2024/06/21;1700 UTC;0;907,2;907,9;907,1;1857,4;21,2;10,2;22,5;19,9;12,2;9,8;60;48;49;355;13,6;5,3;
2024/06/21;1800 UTC;0;906,3;907,2;906,3;1030,6;20,9;10,9;21,7;20,8;11,1;10,2;53;49;53;357;11,1;5,4;
2024/06/21;1900 UTC;0;906,1;906,3;906,1;477,5;21;11;21,2;20,9;11,3;10,3;54;50;53;355;11,7;5,9;
2024/06/21;2000 UTC;0;906,3;906,3;906;293,7;20,7;11,6;21,2;20,7;11,7;11;56;53;56;354;9,6;5,1;
2024/06/21;2100 UTC;0;906,5;906,5;906,2;29,8;20,5;11,5;20,9;20,5;12;11,4;58;55;56;360;9;3,7;
2024/06/21;2200 UTC;0;906,8;906,9;906,4;;20,2;10,4;20,5;20,2;11,7;10,3;58;52;53;19;7,1;2,3;
2024/06/21;2300 UTC;0;907,3;907,4;906,8;;20,1;9,8;20,3;19,9;10,5;9,8;54;51;51;14;6,5;2,4;
2024/06/22;0000 UTC;0;907,3;907,4;907,3;;19,7;9,3;20,1;19,7;9,8;9,3;52;50;51;23;8,2;3;
2024/06/22;0100 UTC;0;907,5;907,6;907,2;;19;9,7;19,8;19;9,7;9,1;55;50;55;40;8,3;2,8;
2024/06/22;0200 UTC;0;907,2;907,6;907,2;;18,4;9,9;19,1;18,4;9,9;9,6;58;54;58;56;9,6;3,2;
2024/06/22;0300 UTC;0;907,4;907,4;907,1;;18,1;10,4;18,8;18;10,4;9,9;61;57;61;46;9,9;2,9;
2024/06/22;0400 UTC;0;906,6;907,4;906,6;;17,8;10,4;18,2;17,8;10,4;10,3;62;60;62;25;10,5;4;
2024/06/22;0500 UTC;0;906,4;906,6;906,4;;17,7;10,3;18,1;17,6;10,5;10,3;62;61;62;30;10,6;3,2;
2024/06/22;0600 UTC;0;905,7;906,4;905,7;;17,9;9,7;17,9;17,5;10,3;9,7;62;59;59;18;11;5,3;
2024/06/22;0700 UTC;0;905,6;905,8;905,4;;17,8;9,4;18,2;17,7;9,7;9,3;59;57;58;32;12;3,7;
2024/06/22;0800 UTC;0;905,9;905,9;905,5;;17,3;9,2;17,9;17,3;9,4;9,1;59;57;59;36;12;2,5;
2024/06/22;0900 UTC;0;906,1;906,2;905,8;;16,8;9;17,4;16,7;9,2;9;60;58;60;35;8,9;2,5;
2024/06/22;1000 UTC;0;906,3;906,3;906;;16,4;9,1;17;16,4;9,1;9;62;59;62;7;8,9;2,8;
2024/06/22;1100 UTC;0;906,6;906,6;906,3;71,3;17;9,3;17;16,3;9,3;9,1;63;61;61;27;6,6;1,8;
2024/06/22;1200 UTC;0;907;907;906,5;624,5;18,1;9,7;18,1;17;9,8;9,3;61;58;58;1;8,9;3,5;
2024/06/22;1300 UTC;0;907,9;907,9;907;1278;19,3;10,7;19,3;18,1;10,8;9,6;58;56;58;7;10,3;2,6;
2024/06/22;1400 UTC;0;907,9;908,1;907,8;1800,9;20,7;11,5;20,7;19,3;11,5;10,4;58;54;55;13;7,4;2,2;
2024/06/22;1500 UTC;0;907,6;908;907,6;2148,2;21,6;11,3;22;20,5;12,4;11;57;52;52;349;8;4;
2024/06/22;1600 UTC;0;906,6;907,6;906,6;2291;22,3;11,8;22,4;21,5;12,1;11,1;54;50;51;347;10,5;5,7;
2024/06/22;1700 UTC;0;905,8;906,6;905,8;2199,5;22,9;11,8;23,3;22,3;12,8;11,6;53;50;50;348;10,2;5,3;
2024/06/22;1800 UTC;0;905,2;905,8;905,2;1870,3;23,4;13,2;23,5;22,8;13,2;11,9;53;50;52;354;10;3,2;
2024/06/22;1900 UTC;0;905;905,2;904,9;1356;23,3;13,1;23,4;23,1;13,1;12,4;53;51;53;352;7,7;3,1;
2024/06/22;2000 UTC;0;905,2;905,2;904,9;705,7;22,5;12,8;23,4;22,5;13;12,3;54;51;54;354;7,2;2,6;
2024/06/22;2100 UTC;0;904,6;905,3;904,6;115,7;21,4;12,6;22,5;21,2;13;12,6;59;54;57;24;5,6;2,4;
2024/06/22;2200 UTC;0;904,5;904,6;904,4;;21;12,8;21,5;20,5;13,3;12,6;63;57;59;7;8,2;3,6;
2024/06/22;2300 UTC;0;904,9;904,9;904,4;;20,2;12,8;21,1;20,2;12,8;12,6;63;59;63;11;9,2;3,3;
2024/06/23;0000 UTC;0;905;905,1;904,6;;19,8;12,6;20,2;19,8;12,8;12,6;64;62;63;9;8,5;3,3;
2024/06/23;0100 UTC;0;905,6;905,6;904,8;;19,6;12,7;20;19,3;12,7;12,5;65;63;65;349;8,3;3,9;
2024/06/23;0200 UTC;0;904,9;905,7;904,9;;19,2;12,5;19,7;19;12,7;12,5;66;64;66;8;8,3;3,4;
2024/06/23;0300 UTC;0;904,8;904,9;904,7;;19;12,7;19,4;18,9;12,7;12,5;67;65;67;356;10,8;4,1;
2024/06/23;0400 UTC;0;904,9;905,1;904,8;;18,6;12,8;19,1;18,6;12,8;12,6;69;66;69;348;9,5;4,5;
2024/06/23;0500 UTC;0;904,5;904,9;904,5;;18,9;13;18,9;18,4;13;12,8;70;68;69;350;10,2;5,4;
2024/06/23;0600 UTC;0;904,7;904,8;904,5;;18,6;12,9;19;18,6;13;12,8;69;68;69;343;11,4;5,9;
2024/06/23;0700 UTC;0;904,1;904,7;904,1;;17,7;12,9;18,6;17,7;13;12,8;74;69;74;344;11,5;6;
2024/06/23;0800 UTC;0;904,4;904,4;904;;17,5;12,9;18;17,5;13;12,9;74;72;74;338;11,7;5,3;
2024/06/23;0900 UTC;0;904,2;904,4;904;;17,6;12,9;17,8;17,4;13;12,8;75;73;74;343;9,6;6;
2024/06/23;1000 UTC;0;904,9;904,9;904,1;;17,7;12,8;18;17,6;12,9;12,8;74;72;73;341;10,5;4,6;
2024/06/23;1100 UTC;0;905,1;905,1;904,8;58,4;18;12,9;18,1;17,4;13;12,8;75;72;72;345;9,1;5,5;
2024/06/23;1200 UTC;0;905,8;905,8;905,1;491;19,2;13,2;19,2;18;13,4;12,9;72;68;68;335;9,3;5,3;
2024/06/23;1300 UTC;0;906,5;906,5;905,8;1010,7;19,9;13,5;20,1;19,1;13,9;13,1;69;66;67;339;9,4;4,4;
2024/06/23;1400 UTC;0;906,4;906,6;906,3;1488,4;21,2;14,5;21,5;19,8;14,5;13,6;68;64;66;320;12,1;6,6;
2024/06/23;1500 UTC;0;906,1;906,4;906,1;1511;21,9;14,8;22;20,9;15,4;14,3;68;64;64;317;12,1;5,2;
2024/06/23;1600 UTC;0;905,5;906,1;905,5;1674,1;22,6;15,8;22,9;21,4;16,3;14,7;68;64;65;318;10,5;5;
2024/06/23;1700 UTC;0;905;905,5;904,9;1480,8;23,5;16,3;23,8;22,1;16,7;15,4;67;62;64;316;9,5;4,6;
2024/06/23;1800 UTC;0;904,6;905;904,6;1677,7;23,8;16,2;24,4;23,3;17;15,9;65;61;62;316;8,2;3,9;
2024/06/23;1900 UTC;0;904,8;904,8;904,5;1193,4;24;16,9;24,4;23,2;17,1;16,1;67;61;65;314;7,9;3,2;
2024/06/23;2000 UTC;0;904,9;904,9;904,7;669,6;22,7;16,8;24;22,7;17,2;16,5;69;64;69;316;7;4,1;
2024/06/23;2100 UTC;0;905,1;905,2;904,9;78,8;21,8;16,5;22,7;21,6;16,8;16,5;73;69;72;319;7;3,7;
2024/06/23;2200 UTC;0;905,6;905,6;905,1;;20,9;16,5;21,9;20,8;16,7;16,4;76;72;76;329;6,5;3;
2024/06/23;2300 UTC;0;906,1;906,1;905,6;;20,8;16,3;21;20,6;16,5;16,3;77;75;75;336;5,5;2,8;
2024/06/24;0000 UTC;0;906,6;906,6;906,1;;21;16,2;21,3;20,8;16,4;16,1;75;74;74;334;5,2;2,5;
2024/06/24;0100 UTC;0;906,7;906,8;906,6;;20,9;16,1;21,1;20,8;16,3;16,1;75;74;74;338;4,9;2,8;
2024/06/24;0200 UTC;0;906,7;906,8;906,7;;20,8;15,8;21,1;20,6;16,1;15,6;75;71;73;353;5,9;3,7;
2024/06/24;0300 UTC;0;906,7;906,8;906,6;;20,9;15,6;21;20,5;15,8;15,6;74;72;72;350;6;3,7;
2024/06/24;0400 UTC;0;906;906,7;906;;20,4;15,4;20,9;20,4;15,6;15,4;73;72;73;359;6,2;3,4;
2024/06/24;0500 UTC;0;905,7;906;905,5;;20,4;15,3;20,4;20;15,5;15,3;74;73;73;345;7,2;3,8;
2024/06/24;0600 UTC;0;904,7;905,7;904,7;;19,7;15,6;20,6;19,4;15,6;15,2;78;71;77;345;9,7;5,2;
2024/06/24;0700 UTC;,2;904,2;904,7;904;;17,5;16;19,9;17,5;16,1;15,5;91;76;91;326;15,5;7,8;
2024/06/24;0800 UTC;0;903,7;904,3;903,5;;17,8;15,6;17,9;17,1;16,1;15,5;92;87;87;344;14,1;5;
2024/06/24;0900 UTC;0;903,5;903,7;903,3;;18,9;15,4;18,9;17,8;15,7;15,3;87;80;80;330;11,1;5,7;
2024/06/24;1000 UTC;1,6;905,5;905,6;903,6;;16,7;15,9;18,8;16,7;15,9;15,2;95;80;95;315;16,1;9;
2024/06/24;1100 UTC;,8;906,2;906,2;904,9;7,1;16,2;15,6;16,8;16,2;15,9;15,6;96;94;96;320;14,4;4,3;
2024/06/24;1200 UTC;3,8;906,9;907,3;906,2;21,1;16,2;15,7;16,3;16,1;15,7;15,6;97;96;97;303;9;1,6;
2024/06/24;1300 UTC;10,4;907,1;907,8;906,8;26,7;16,2;15,8;16,3;16,1;15,8;15,6;97;97;97;208;3,9;,2;
2024/06/24;1400 UTC;1,4;907,6;907,9;907,1;87,3;16,7;15,8;16,8;16,1;16,2;15,7;97;95;95;277;4,5;2,3;
2024/06/24;1500 UTC;9;907,3;907,7;906,6;90,9;16,4;15,9;16,7;16,3;16;15,6;97;95;97;324;4,3;2,5;
2024/06/24;1600 UTC;2,6;906,6;907,2;906,3;120,2;16,6;16,2;16,6;16,4;16,2;16;98;97;98;331;4,6;,3;
2024/06/24;1700 UTC;1;906,1;906,6;905,7;203,9;16,6;16,2;16,9;16,5;16,5;16,2;98;98;98;329;4,7;2,7;
2024/06/24;1800 UTC;1,2;906;906,5;905,8;139,7;16,7;16,3;16,7;16,6;16,3;16,2;98;98;98;347;5;1,4;
2024/06/24;1900 UTC;,4;906;906,3;905,8;197,1;16,9;16,5;16,9;16,6;16,6;16,3;98;98;98;353;2,8;0;
2024/06/24;2000 UTC;,4;906,8;906,8;906;143,9;17;16,6;17;16,8;16,7;16,5;98;98;98;253;2,2;0;
2024/06/24;2100 UTC;0;907;907,1;906,8;10,4;16,6;16,3;17;16,6;16,6;16,3;98;98;98;207;2,9;0;
2024/06/24;2200 UTC;,4;907,5;907,5;906,9;1,1;16;15,6;16,7;16;16,3;15,6;98;98;98;201;4,6;1,8;
2024/06/24;2300 UTC;,4;908;908;907,5;1,9;14,4;14,1;16;14,4;15,6;14,1;98;98;98;207;5,3;3,3;
2024/06/25;0000 UTC;0;908,8;908,8;907,9;,6;13,9;13,6;14,4;13,8;14;13,5;98;98;98;168;5;,3;
2024/06/25;0100 UTC;,2;909,3;909,3;908,8;;13,2;13;13,9;13,2;13,6;13;98;98;98;156;3,5;1;
2024/06/25;0200 UTC;,2;909,9;909,9;909,1;,1;12,6;12,3;13,2;12,6;12,9;12,3;98;98;98;184;4,4;1,1;
2024/06/25;0300 UTC;,2;909,8;910;909,7;;12,2;11,9;12,6;12,2;12,3;11,9;98;98;98;177;4,3;1,8;
2024/06/25;0400 UTC;0;909,9;909,9;909,7;;11,8;11,6;12,2;11,8;11,9;11,5;98;98;98;178;5,4;2,7;
2024/06/25;0500 UTC;,2;909,8;910;909,7;0;11,8;11,5;11,9;11,7;11,7;11,5;98;98;98;143;5,6;1,4;
2024/06/25;0600 UTC;0;909,7;909,9;909,7;;11,8;11,5;11,9;11,7;11,6;11,5;99;98;98;134;4,2;1,5;
2024/06/25;0700 UTC;0;909,4;909,7;909,1;,3;11,5;11,3;11,8;11,3;11,5;11,1;99;98;99;129;4,3;1,1;
2024/06/25;0800 UTC;0;909,2;909,4;909,2;;11,2;11;11,5;11,2;11,3;11;99;99;99;140;3,7;1,2;
2024/06/25;0900 UTC;0;909,4;909,4;909,2;,2;11,1;10,9;11,3;11,1;11,1;10,9;99;99;99;142;4,6;1,4;
2024/06/25;1000 UTC;0;909,8;909,8;909,3;0;10,9;10,7;11,2;10,9;11;10,7;99;99;99;139;4,5;1,6;
2024/06/25;1100 UTC;0;909,9;910,2;909,8;12,6;10,8;10,6;11;10,8;10,8;10,6;99;99;99;130;4,5;1,5;
2024/06/25;1200 UTC;0;910,6;910,7;910;165,2;11;10,8;11,3;10,7;11,1;10,5;99;99;99;130;3,8;,9;
2024/06/25;1300 UTC;0;909,9;911,1;909,9;360,6;11,1;10,9;11,4;10,9;11,2;10,7;99;99;99;130;4,9;2,3;
2024/06/25;1400 UTC;0;910,3;910,9;909,8;585,9;11,9;11,7;12,1;11,1;11,8;11;99;99;99;98;5,4;1,2;
2024/06/25;1500 UTC;0;909,9;910,5;909,9;918,6;13,1;12,8;13,2;11,7;12,9;11,5;99;98;98;119;3,5;,3;
2024/06/25;1600 UTC;0;909,4;909,9;909,3;946,6;13,8;13,6;14,2;12,7;13,9;12,5;98;98;98;144;2,2;0;
2024/06/25;1700 UTC;0;908,4;909,4;907,8;527,7;13,3;13,1;14,1;13,1;13,8;12,8;98;98;98;81;2,9;0;
2024/06/25;1800 UTC;0;907,7;908,4;907,6;233,4;13,8;13,6;13,8;13,2;13,6;13;98;98;98;57;0;0;
2024/06/25;1900 UTC;0;907,9;907,9;907,6;88,4;13;12,7;13,9;13;13,7;12,7;98;98;98;159;0;0;
2024/06/25;2000 UTC;0;908,1;908,1;907,8;52,6;13;12,8;13,1;12,9;12,9;12,7;98;98;98;132;1,8;0;
2024/06/25;2100 UTC;,6;908;908,2;908;12,9;12,8;12,5;13,1;12,7;12,9;12,5;98;98;98;113;0;0;
2024/06/25;2200 UTC;0;907,4;908;907,4;,4;12,7;12,5;12,8;12,5;12,6;12,3;99;98;98;79;1,7;0;
2024/06/25;2300 UTC;0;907,5;907,5;907,2;;14,6;14,3;14,7;12,6;14,4;12,4;99;98;98;360;6,4;2,8;
2024/06/26;0000 UTC;0;907,8;907,8;907,5;;15,3;15,1;15,4;14,6;15,1;14,4;98;98;98;353;6;3,8;
2024/06/26;0100 UTC;0;908,1;908,1;907,8;0;16;15,7;16,1;15,3;15,8;15;98;98;98;346;6,7;3;
2024/06/26;0200 UTC;0;908,2;908,3;908,1;;16;15,8;16,2;16;15,9;15,7;98;98;98;341;6,4;3,6;
2024/06/26;0300 UTC;0;908,1;908,4;908,1;;16,4;16,1;16,4;16;16,1;15,8;98;98;98;336;8,3;4,1;
2024/06/26;0400 UTC;0;908,2;908,3;908;;16,8;16,5;16,8;16,4;16,5;16,1;98;98;98;328;8,4;4,3;
2024/06/26;0500 UTC;0;908,1;908,3;908,1;;16,9;16,6;17,1;16,8;16,8;16,5;98;98;98;317;9,5;4,8;
2024/06/26;0600 UTC;0;907,8;908,1;907,7;0;16,8;16,5;17;16,8;16,7;16,5;98;98;98;317;8,2;4,5;
2024/06/26;0700 UTC;0;907,4;907,8;907,2;;16,7;16,4;16,8;16,7;16,5;16,4;98;98;98;312;9,4;4,4;
2024/06/26;0800 UTC;1,2;907,2;907,4;907,1;,2;16,5;16,2;16,7;16,3;16,4;16,1;98;98;98;289;9,7;4,8;
2024/06/26;0900 UTC;0;907,4;907,4;907,1;,8;16;15,8;16,5;16;16,2;15,8;98;98;98;300;11,4;5,7;
2024/06/26;1000 UTC;0;906,8;907,5;906,7;1,7;15,8;15,6;16,2;15,8;16;15,6;98;98;98;316;13,6;8,3;
2024/06/26;1100 UTC;0;908;908;906,8;12,1;15,8;15,5;15,9;15,6;15,7;15,3;99;98;99;293;13,6;6;
2024/06/26;1200 UTC;0;908,6;908,6;907,9;93,8;14,9;14,6;15,8;14,8;15,5;14,6;99;99;99;301;11,5;5,2;
2024/06/26;1300 UTC;0;909,6;909,6;908,6;169,7;14,6;14,3;14,9;14,4;14,6;14,2;99;98;98;294;10,6;4,4;
2024/06/26;1400 UTC;0;909,7;909,7;909,5;271;14,4;13,9;14,7;14,4;14,4;13,8;98;96;97;265;7,2;3,6;
2024/06/26;1500 UTC;0;909,3;909,8;909,3;269,5;13,7;13,3;14,4;13,7;13,9;13,3;98;96;98;264;6,9;3;
2024/06/26;1600 UTC;0;908,4;909,4;908,4;277,2;13,2;12,9;13,9;13,1;13,5;12,8;98;98;98;239;5,5;,3;
2024/06/26;1700 UTC;0;907,9;908,4;907,9;676,8;13,6;12,7;14,3;13,1;13,8;12,5;98;94;94;261;4,9;2,4;
2024/06/26;1800 UTC;0;907,7;907,9;907,7;297,8;13;12,5;13,6;13;12,8;12,3;97;94;97;221;4,9;,2;
2024/06/26;1900 UTC;0;908,1;908,2;907,7;112,9;11,7;11,4;13;11,7;12,5;11,4;98;96;98;193;5,3;3,2;
2024/06/26;2000 UTC;0;908,3;908,3;908;97,3;11,3;11,1;11,8;11,3;11,5;11,1;99;98;99;195;5,6;2,3;
2024/06/26;2100 UTC;,2;908,7;908,8;908,3;17,3;11,1;10,9;11,4;11,1;11,2;10,9;99;99;99;198;4,6;,1;
2024/06/26;2200 UTC;0;908,7;908,8;908,6;,6;10,7;10,5;11,1;10,7;10,9;10,5;99;99;99;188;4,4;2,1;
2024/06/26;2300 UTC;0;909,1;909,1;908,7;;10,5;10,3;10,8;10,5;10,6;10,3;99;99;99;195;4,8;2;
2024/06/27;0000 UTC;,4;908,9;909,1;908,5;,3;10,2;10;10,6;10,2;10,4;10;99;99;99;175;4,1;0;
2024/06/27;0100 UTC;,2;909;909,1;908,8;;9,7;9,5;10,2;9,7;10;9,5;99;99;99;163;3,9;1,6;
2024/06/27;0200 UTC;0;909,2;909,4;908,8;;9,3;9,2;9,7;9,3;9,5;9,1;99;99;99;185;5;,3;
2024/06/27;0300 UTC;,2;909,2;909,5;909,2;,6;8,4;8,2;9,3;8,4;9,1;8,2;99;99;99;162;3,8;,8;
2024/06/27;0400 UTC;0;909,2;909,2;908,8;,8;7,9;7,8;8,4;7,8;8,2;7,7;99;99;99;169;3,8;1,3;
2024/06/27;0500 UTC;0;909,1;909,5;909,1;0;7,3;7,2;8;7,3;7,8;7,1;99;99;99;181;3,9;,4;
2024/06/27;0600 UTC;0;909;909,1;908,8;;6,8;6,7;7,3;6,7;7,2;6,6;99;99;99;156;3,3;,8;
2024/06/27;0700 UTC;0;908,7;909;908,7;;6,4;6,2;6,8;6,3;6,6;6,2;99;99;99;180;4;1,5;
2024/06/27;0800 UTC;0;907,7;908,7;907,7;;6,2;6,1;6,7;6,2;6,5;6,1;99;99;99;124;3,2;0;
2024/06/27;0900 UTC;0;907,5;907,8;907,4;;4,5;4,4;6,2;4,5;6,1;4,4;99;99;99;51;1,5;0;
2024/06/27;1000 UTC;0;907,2;907,5;907;;5;4,9;5,3;4,2;5,2;4,1;99;99;99;357;5;4,2;
2024/06/27;1100 UTC;0;907,8;907,9;907,2;83,9;5,9;5,7;5,9;5;5,7;4,9;99;99;99;359;5,1;2,2;
2024/06/27;1200 UTC;0;908;908;907,5;701,2;7,7;5,9;7,7;5,9;5,9;5,2;99;88;89;348;5,1;3,6;
2024/06/27;1300 UTC;0;908,2;908,2;908;1394,2;9,2;6,9;9,2;7,7;6,9;5,7;89;84;85;341;6,2;3,9;
2024/06/27;1400 UTC;0;908,1;908,3;908;1944;10,9;7,1;11;9,2;8;6,6;86;76;77;348;6,3;3,6;
2024/06/27;1500 UTC;0;907,6;908,1;907,6;2299,4;12,6;7,4;12,7;10,9;8,2;6,9;78;70;71;343;6,2;3,5;
2024/06/27;1600 UTC;0;907;907,6;907;2437,8;14,1;8,6;14,1;12,4;8,6;6,6;72;64;69;349;6,2;2,6;
2024/06/27;1700 UTC;0;906;907;905,9;2338,2;14,3;8,1;15,1;13,4;9,8;6,9;73;60;66;344;5,5;3,1;
2024/06/27;1800 UTC;0;905,3;906;905,3;2040,5;14,6;3,7;15,1;14,2;8,5;3,1;67;45;48;344;7,5;4,3;
2024/06/27;1900 UTC;0;905,2;905,5;905,2;1385,2;15,4;4,5;15,4;14,5;5,4;2,4;52;44;48;341;7,3;2,7;
2024/06/27;2000 UTC;0;904,9;905,2;904,9;823,7;13,8;3,7;15,6;13,8;4,6;1,5;50;39;50;314;5;1,7;
2024/06/27;2100 UTC;0;904,8;905;904,7;121,6;13,1;3;13,8;12,9;4,3;2,9;53;50;50;354;4,1;2,8;
2024/06/27;2200 UTC;0;904,3;904,8;904,3;;12,7;4,4;13,1;12,4;4,4;2,8;57;50;57;350;6,5;4,4;
2024/06/27;2300 UTC;0;904;904,4;904;;13,3;5,8;13,4;12,6;6;4,2;62;56;60;347;8,5;5,5;
2024/06/28;0000 UTC;0;903,7;904,2;903,7;;13,1;7,4;13,4;13;7,4;5,7;69;60;68;341;10,2;6,5;
2024/06/28;0100 UTC;0;903,6;903,8;903,5;;12,4;8,1;13,1;12,3;8,1;7,4;75;68;75;344;10,8;6,6;
2024/06/28;0200 UTC;0;903,6;903,7;903,3;;12,8;8,2;12,8;12,3;8,3;7,8;76;73;74;346;11,3;7,3;
2024/06/28;0300 UTC;0;903,7;903,9;903,5;;12,1;8,2;12,8;12,1;8,4;8;77;73;77;342;11,4;6,4;
2024/06/28;0400 UTC;0;903,7;903,7;903,5;;12;8,3;12,7;12;8,3;8,1;78;75;78;337;11,2;6,6;
2024/06/28;0500 UTC;0;903,4;903,7;903,2;;11,5;8,8;12,1;11,5;8,9;8,2;83;78;83;331;12,3;6,1;
2024/06/28;0600 UTC;0;903,3;903,6;903,3;;11,6;9,2;12,2;11,5;9,8;8,8;86;83;85;336;12,3;5,9;
2024/06/28;0700 UTC;0;903,5;903,8;903,3;;11,4;9,8;11,6;10,8;9,8;8,7;90;85;90;334;10,5;6,5;
2024/06/28;0800 UTC;0;903,6;903,6;903,4;;12,6;11,1;12,8;11,4;11,2;9,8;91;90;91;324;12;7;
2024/06/28;0900 UTC;0;903,8;903,8;903,5;;12,8;11,3;13;12,5;11,5;11,1;91;90;91;334;12,2;5,4;
2024/06/28;1000 UTC;0;904,7;904,7;903,7;;12,7;11,4;12,9;12,7;11,5;11,4;92;91;92;333;10,3;5,1;
2024/06/28;1100 UTC;0;905,1;905,3;904,7;33,2;13,4;12;13,4;12,6;12,1;11,3;93;91;92;323;9,8;6,5;
2024/06/28;1200 UTC;0;905,9;905,9;905,1;144,1;14,4;12,7;14,5;13,3;13;11,9;92;90;90;318;10,9;7,5;
2024/06/28;1300 UTC;0;906,4;906,5;905,8;552,9;15,4;13,1;15,4;14,4;13,2;12,8;90;86;86;317;11,5;7;
2024/06/28;1400 UTC;0;906,5;906,8;906,4;511,4;15,5;13,2;15,7;15,4;13,4;13,1;87;86;86;316;11,9;7,1;
2024/06/28;1500 UTC;0;906,3;906,6;906,2;426,8;15,2;13,4;15,6;15,2;13,5;13,2;89;86;89;316;11,9;7,8;
2024/06/28;1600 UTC;0;905,9;906,3;905,9;613,8;15,8;13,8;15,9;15;13,9;13,4;90;88;88;314;12,2;6,6;
2024/06/28;1700 UTC;0;905,9;906;905,8;879,2;16,6;14,1;16,8;15,7;14,6;13,7;88;85;85;300;11,5;4,2;
2024/06/28;1800 UTC;0;905,6;905,9;905,5;663,2;16,5;14,1;17;16,5;14,6;13,9;86;84;86;294;8,1;3,1;
2024/06/28;1900 UTC;0;905,7;905,7;905,4;252,5;16,3;14,1;16,5;16,3;14,2;14;87;86;87;292;6,4;2,6;
2024/06/28;2000 UTC;0;906;906;905,6;77,5;16,1;14,1;16,3;16,1;14,2;14,1;88;87;88;267;5,6;2,7;
2024/06/28;2100 UTC;,2;906,9;906,9;906;6,1;12,9;12,4;16,1;12,9;14,2;12,4;97;88;97;165;6,3;1,3;
2024/06/28;2200 UTC;0;907,7;907,7;906,9;;11,7;11,4;13;11,7;12,5;11,4;98;97;98;166;5,7;1,8;
2024/06/28;2300 UTC;,2;908,5;908,5;907,7;,4;11,3;11;11,7;11,3;11,3;11;98;98;98;160;5,3;2,5;
2024/06/29;0000 UTC;,2;908,8;908,8;908,4;;10,5;10,2;11,3;10,5;11;10,2;98;98;98;168;6,4;1,9;
2024/06/29;0100 UTC;0;908,9;909;908,7;;10,3;10,1;10,6;10,3;10,3;10,1;99;98;99;162;4,6;1,1;
2024/06/29;0200 UTC;0;908,8;908,9;908,7;;9,8;9,6;10,4;9,8;10,2;9,6;99;99;99;164;2,3;0;
2024/06/29;0300 UTC;0;908,7;908,9;908,5;;9,9;9,7;10;9,7;9,8;9,5;99;99;99;166;2,5;,9;
2024/06/29;0400 UTC;0;908,4;908,7;908,3;;9,8;9,6;10;9,7;9,8;9,5;99;99;99;155;5,8;1,5;
2024/06/29;0500 UTC;0;908,3;908,7;908,3;;9,7;9,5;9,8;9,6;9,6;9,4;99;99;99;149;5;,9;
2024/06/29;0600 UTC;0;908,6;908,9;908,2;;9;8,8;9,7;8,6;9,4;8,4;99;99;99;174;3,9;,1;
2024/06/29;0700 UTC;0;908,9;909,1;908,7;;9,1;8,9;9,3;8,9;9,1;8,7;99;99;99;153;5;,6;
2024/06/29;0800 UTC;0;908,8;909,1;908,7;;8,8;8,6;9,2;8,8;9;8,6;99;99;99;171;6,2;2,8;
2024/06/29;0900 UTC;0;909,4;909,7;908,7;;8,3;8,1;8,8;8,2;8,5;8,1;99;99;99;164;6,2;1,9;
2024/06/29;1000 UTC;0;910,2;910,2;909,4;;7,1;6,9;8,3;7,1;8,1;6,9;99;99;99;156;6,3;2,2;
2024/06/29;1100 UTC;0;911;911,1;910,2;59,2;6,8;6,7;7,2;6,8;7;6,6;99;99;99;164;6,2;2,4;
2024/06/29;1200 UTC;0;911,5;911,7;910,9;351;6;5,4;6,9;6;6,7;5,4;99;96;96;174;5,3;2,4;
2024/06/29;1300 UTC;0;912,3;912,4;911,5;903,1;6,4;5;6,4;5,6;5,5;4,6;96;89;91;156;6,5;1,8;
2024/06/29;1400 UTC;0;912,5;912,7;912,3;1840,2;6,8;1,4;6,9;6;4,9;,9;91;67;68;168;6,8;3,1;
2024/06/29;1500 UTC;0;912,6;912,7;912,5;2304,7;8,1;,4;8,6;6,8;2;-,9;69;54;58;154;7,4;3,3;
2024/06/29;1600 UTC;0;912;912,7;912;2229,8;8,5;-,1;9,2;8;1,3;-2,9;60;45;55;152;7,7;2,8;
2024/06/29;1700 UTC;0;911,7;912;911,6;2179,8;9;1,5;9,1;8,2;1,5;-1,1;59;50;59;161;7,7;2,8;
2024/06/29;1800 UTC;0;911,6;911,7;911,4;2008,5;9,3;1,9;9,5;8,2;3;,3;64;55;60;159;6;2;
2024/06/29;1900 UTC;0;911,7;911,7;911,4;1373,3;8;2,3;9,3;8;3,2;1;68;58;67;165;6,8;2,6;
2024/06/29;2000 UTC;0;911,7;911,7;911,6;663,3;6,6;1,6;8,4;6,6;2,9;1,6;71;65;70;154;5,2;1,7;
2024/06/29;2100 UTC;0;911,9;912;911,7;105;4,7;1,4;6,6;4,7;1,8;1,4;79;70;79;156;5;1,3;
2024/06/29;2200 UTC;0;911,7;911,9;911,7;;4,4;1,4;4,7;4,1;1,5;1,1;81;79;81;162;4,2;2,3;
2024/06/29;2300 UTC;0;911,8;911,9;911,7;;4,5;1,1;4,5;4,3;1,6;1,1;82;79;79;169;5,9;3,4;
2024/06/30;0000 UTC;0;912;912;911,8;;4,1;,6;4,5;4,1;1,1;,5;79;77;78;171;7,1;3,4;
2024/06/30;0100 UTC;0;912,4;912,4;912;;3,5;,6;4,2;3,5;,8;,5;81;77;81;168;7,5;3,4;
2024/06/30;0200 UTC;0;912,3;912,4;912;;2,9;,4;3,5;2,8;,7;,2;84;81;84;166;7,3;3,5;
2024/06/30;0300 UTC;0;912,5;912,7;912,3;;2,5;,1;3;2,5;,4;,1;85;83;84;155;7,6;3;
2024/06/30;0400 UTC;0;912;912,5;912;;2;0;2,5;2;,2;-,1;87;84;87;151;6,8;3,3;
2024/06/30;0500 UTC;0;911,6;912;911,6;;1,6;-,3;2;1,6;,1;-,4;88;86;87;148;8;3;
2024/06/30;0600 UTC;0;911,4;911,6;911,4;;1,1;-,4;1,6;1,1;-,2;-,4;90;87;90;149;6,2;2,4;
2024/06/30;0700 UTC;0;911,3;911,4;911;;,7;-,6;1,1;,7;-,3;-,6;91;90;91;152;4,9;2,2;
2024/06/30;0800 UTC;0;911;911,3;911;;,6;-,9;,7;,6;-,6;-,9;91;90;90;147;4,2;2,1;
2024/06/30;0900 UTC;0;911,1;911,1;910,9;;,2;-1,1;,6;,2;-,9;-1,2;90;89;90;149;3,8;2,1;
2024/06/30;1000 UTC;0;911,9;911,9;911,1;;0;-1,4;,2;-,1;-1,2;-1,4;91;90;90;149;4,6;2,4;
2024/06/30;1100 UTC;0;912,3;912,3;911,9;86,8;1;-1,1;1;-,2;-,9;-1,6;91;86;86;145;4,1;1,9;
2024/06/30;1200 UTC;0;912,6;912,6;912,2;722,4;2,6;-,8;2,6;1;-,8;-1,6;86;76;78;130;4,6;1,9;
2024/06/30;1300 UTC;0;913,3;913,3;912,6;1407,6;4,2;-2,2;4,3;2,4;-,8;-2,3;79;63;63;134;5,1;1,8;
2024/06/30;1400 UTC;0;913,5;913,6;913,3;1969,3;5,6;-1,7;5,9;4,2;-,7;-2,8;66;56;59;143;5;1,7;
2024/06/30;1500 UTC;0;913,2;913,5;913,2;2334,8;7,4;-2,4;7,5;5,6;-1,1;-3,7;61;47;50;145;4;1,2;
2024/06/30;1600 UTC;0;912,3;913,2;912,3;2480;8,6;-1;8,7;7;-,5;-3,3;54;46;51;143;4,2;1,5;
2024/06/30;1700 UTC;0;911,7;912,3;911,7;2394,6;9,4;-5,1;10;8,3;,6;-5,7;54;33;35;169;4,7;2,2;
2024/06/30;1800 UTC;0;911,4;911,7;911,4;2084,4;9,9;-3,9;10,3;9,2;-2,1;-6,9;43;31;38;152;5,7;1,6;
2024/06/30;1900 UTC;0;911,2;911,4;911,2;1548,1;9,2;-3,1;10,4;9,1;-1,7;-5,7;45;33;42;162;4,5;1,3;
2024/06/30;2000 UTC;0;911,1;911,2;911;852,6;8;-,9;9,5;8;,5;-2,7;54;42;54;132;3,1;1,1;
2024/06/30;2100 UTC;0;911,1;911,2;911;166,4;5,5;-2,1;8,2;5,5;-,3;-2,4;58;51;58;143;2,5;,8;
2024/06/30;2200 UTC;0;911,2;911,3;911,1;;4,5;-1,3;5,5;4,5;-1,3;-2;66;58;66;157;2,6;1,3;
2024/06/30;2300 UTC;0;911,5;911,5;911,1;;4,8;-,8;4,9;4,4;-,6;-1,3;69;66;67;155;3;1,9;
